中国铁通	10050	9488	946644868438664
重庆国防医院	02365447777	274399	2466474644863264949826
中国银联	95516	9495	946644869465426
中国工商银行	95588	944794	946644864664742649464264
上海绿欣餐饮	4008866799	745929	7426442458946226946
南京康卓环境科技有限公司	4000940400	655945559947	6265464526494864826546453549689426466474
台州美日机床有限公司	057680687600	8967529947	824946863474542482649689426466474
成都龙发装饰公司	02885530033	23539747	2436438566432948264744466474
德国艾一若电气集团	4006663847	342973758	334862494786342674548826
龙之谷	95105222	594	566494448
深圳市钜匠科技有限公司	4008366660	79755559947	74369436744585426453549689426466474
婧麒服饰	4000008776	5737	54647438744
成都玖盛装饰	02883085553	235797	243643854874364948264744
重庆仁爱医院	02386888373	277299	24664746473624949826
德夫曼衣柜	4008873199	33694	333862694484
新华人寿	95567	9477	9464827367468
建设银行	95533	5794	54267439464264
太平人寿	95589	8777	82474647367468
中国银行	95566	9494	946644869464264
国家电网	95598	4539	48654234269264
歌华有线	96196	4499	434829689426
中国航空	95583	9445	9466448642645664
熊猫电子	10106600	9639	94664626342694
紫光数码	62789898	9476	944826474862
兄弟中国	95105369	9394	946643494664486
德意电器	95105898	3937	3394342674
怡禾康	00865936396006	945	94435264
PARSON	01051260023	7	727766
川宇科技	01051658699	2955	24826985354
森海塞尔	01057319666	7473	73642472437
丽台科技	01058731573	5855	548245354
星光大道	01062001478	9433	94644826432326
志凌云	01062546682	959	9445464986
三奇承信	01062698722	7729	7267424364946
mintpie（尼派）	01062698722	68767	646874364724
爱欧迪	01062698722	263	246834
迪兰恒进	01062800098205	3545	345264364546
欧乐家居	01064286088	6555	685354258
京东方科技集团	010643188886417	5335558	5464366432645354548826
佳朗（GarLand）	01065263246	55427523	54252644275263
贝雷塔壁挂炉	01065630131	258245	234534822448258
交通银行	95559	5894	542686649464264
银监会	01066279113	954	9465426484
skype	01067888180	7	75973
北京利仁科技	01068042018	255755	2345464547365354
农业银行	95599	6994	6664939464264
一槌定音	01068550912	9239	9424843464946
北大方正集团	01082531688	233958	23432326494364548826
爱卡汽车	01082671035	2572	245274243
泡泡酷	01083832920	775	72672658
奥特蓝星	01086512030	2859	26835269464
爱浪音响	02022675666	2599	24526494694264
欧西亚	02022818066	699	689492
活仕除湿机	02026092186	47275	48674424874454
德生科技	02028858906	3755	33743645354
白浪热水器	02036200100	25777	224526473748474
艾瑞司	02037223196	277	2478474
美珑美利	02038013535	6565	634566463454
好学宝	02061930480	492	426983226
广州帝特电子	02062107111807	493839	4826494683483342694
三角牌	02083337522	757	7265426724
大话西游3	02083918161	3499	3248294968
大话西游	02083918161	3499	3248294968
梦幻西游	02083918162	6499	6364482694968
天下贰	02083918163	893	842694237
新飞飞	02083918169	933	946334334
大唐无双	02083918180	3897	32826498748264
大话西游之战歌	02083918183	3499994	3248294968944942643
琴谱Hi-Fi	02084541741	774434	746784434
多玩游戏	02085550331	3999	38692696894
威尔-中国	02085587878	9394	9343794664486
昂达电子	02087636363	2339	26432342694
万宝电器	02089010088	9237	926226342674
铁友网	02124099999	899	8439689264
霍尼韦尔	02128942000	4693	4866493437
朗欣特	02132533101	598	526494683
罗氏制药	02133971000	5799	586744944926
洛奇英雄传	02134144567	57999	5867494649466494826
跑跑卡丁车	02134144567	77532	726726523464243
汉斯格雅	02137742288	4749	426744392
卫欲无限	02150562382	9999	93498989426
爱惠浦	02151061090	247	2448478
奇迹世界	02151729118	7575	7454744543
安桥（ONKYO）	02152131366	2766596	26742666596
舒尔话筒	02153854747	7348	748374828664
书香门地	02154387732	7963	7489426463634
好易通	02154450800	498	426948664
绿太阳	02158132802	589	588249264
开能环保	02158599999	5642	52463644826226
纽福克斯	02159221333	6357	648385374
华擎科技	021607106308020	4755	48274645354
贝迪-中国	02161006588	2394	2343494664486
海蒂诗	02161054588	437	42434744
果铺贸易	02161154956	4769	4867862694
征途2	02161205656	98	9436488
西诺迪斯	02161281820	9637	946863474
可口可乐	02161928000	5555	535685353
脱普日用-中国	02162261100	877994	8867874966494664486
四川省川豪装饰	02885508018	7272497	74248267436424826426948264744
AKG中国	02162332626	25494	25494664486
马兰士	02162494404	657	62526744
优瑞咖啡机	02162940690	97535	9687845233454
适马中国	02163029938	7694	7446294664486
恒源祥	02163268888	499	4364982694264
贝特电子	02163900339	2839	23483342694
hario	02164731333	4	42746
腾龙镜头	02164735295	8558	836456645464868
国聚科技	02259816661	4555	486585354
草木香	02883503710	269	2266894264
月影传说	02885309918	9927	9839464248267486
立象（Argox）科技	0289121121	59276955	5494264274695354
南方航空	4006695539	6345	626326442645664
爱妻电器	037160909171	2737	2474342674
爱丽思	041187572999	257	245474
dxracer	051086518898	3	3972237
丰盈和暖	051088769999	3946	33649464436826
鱼跃医疗	051186900832	9995	98983945426
邓禄普中国	051252695000	35794	3364587894664486
铼德中国	0512573589895582	5394	5243394664486
膳魔师	051257679888	767	742666744
万事通手机	051483636243	97875	9267448664746854
速派奇	051983349079	777	7872474
创新科技	053283107231	2955	2482649465354
多格萨萨蜜	053285919267	34776	38643727264
亿家能	05342312985	956	945426364
金龙电器	05358883898	5537	5465664342674
魔兽世界	057128090163	6775	667468744543
贝因美	057128911000	296	234946634
张小泉	057188153661	997	9426494267826
支付宝	057188156688	932	94438226
千年舟	057188746569	769	742664269468
东信通信	057188865228	3989	36649468664946
瑞士风	057382161009666	773	7847443364
丹龙电器	057426280518	3537	3265664342674
爱佳电器	057463326052	2537	24542342674
亚乐热水器	057463600209	95777	925373748474
埃美柯	057487676118	265	2463453
天马厨具	057488651581	8625	84266224858
乐彤电子	057765591368	5839	538664342694
意尔康鞋业	05786858315	93599	9437526494393
好事达	059187547026	473	42674432
黑爵键鼠	059188594989	4557	4345835426748
东方故事	05923180200	3347	3664326448744
轻松伴侣	05923795700	7725	7464766422658
沃讯空气净化器	05925775151	9957547	96986566474546448274
intex	05926893860	4	46839
冠福家用	059523511111	4359	4826385429664
申鹭达	059586168888	753	74365832
阳江十八子集团	06626600770	9572958	9264542647442294548826
中国东方航空公司	95530	94334547	946644863664326442645664466474
富尔兴	06638815657	339	38379464
邦华电子	07507117711	2439	2264482342694
莱茵电子	07507817728	5939	524946342694
莱尔诗丹	07508650888	5373	52437744326
威德盛	07522367600	937	9343374364
得胜电子	07526383951	3739	3374364342694
亨博电器	075485315555	4237	436426342674
沃尔玛中国	075521512288	93694	96376294664486
爱可中国	075523079232	2594	245394664486
泰博数码	075523273073	8276	8242674862
美誉电子	075523981801	6939	63498342694
酷比魔方	075526037558	5263	5824663264
依波表	4000088339	922	94262426
德劲电子	075526912618	3539	33546342694
快美特	075527523500	568	582463483
高斯贝尔	075527750518	4723	4267423437
蓝慧科技	075527889145	5455	5264845354
地狱火电脑设备	075528580893	3943672	34984863426626743234
中锘基	075528651453	965	9466468654
优之星	075528761623	999	9689449464
英利普	075529060002	957	94645478
雅狐电子	075529453101	9439	9248342694
科王电子	075529706567	5939	539264342694
盈润佳	075529706870	975	9464786542
索威音响	075529752315	7999	78693494694264
世嘉科技	075533071008	7555	7445425354
艾诺电子	075533233288	2639	24686342694
欧凡耳机	075533838396	6335	683263754
三盟手机	075533868781	7675	7266364746854
iapo	075561196018	4	4276
爱华电子	075561281866800	2439	24482342694
XFX讯景-中国	075588837668	9399594	939986546494664486
KNC数码	075581455355	56276	56274862
讯拓键鼠	075581733193	9857	9868865426748
先科电子	075582402605	9539	942653342694
金柏电子	075582460746	5239	546224342694
普耐尔	075582660499	763	7862437
亨思特	075582798381	478	43647483
普能达	075582800555	763	78636432
大显手机	075583036374	3975	329426746854
凯诺思	075583490511	567	52468674
烽火手机	075583605305	3475	3364486746854
天马微电子集团	075583790774	8693958	842662934342694548826
欧恩数码	075584528123	6376	683674862
神舟电脑	075584710365	7936	743694683426626
蓝晨科技	075585266966	5255	52624365354
迈乐数码科技	075586363200	657655	62453748625354
新中桥集团	075589933668	99758	946946647426548826
罗西尼表业	07563350875	59629	5869464242693
金正数码	07563929688	5976	5469436474862
依立电器	075723883769	9537	9454342674
巧夫人	075728300798	737	742638736
万喜厨具	075728304888	9925	9269424858
长帝电器	075728381788	2337	2426434342674
爱德电器	075728383361	2337	2433342674
科顺防水	075728603333	5737	53748632647484
奥斯洁	075763311908	275	2674543
东鹏瓷砖	075782710832	3729	366473642494826
心尚卫浴	075782736881	9799	9467426493498
霍尼韦尔朗能电器系统	076022288866	4693563798	486649343752646364342674948664
好运达	076022609898	493	42698632
欧安尼	076022786777	626	682664
奥索电器	076023137760	2737	26786342674
邦斯特	076023222566	278	22647483
十度良品	076086361180	7357	7443854264746
奥慕服饰	076087718999	2637	266838744
帝尔数码	076088619689	3376	343774862
山水音响	076088886978	7799	7426748494694264
佳的美	07633699961	536	54233634
广东创佳集团	07683998893	432558	482643664248264542548826
锋达通	076982865738	338	3364328664
金河田	076985057928	548	546438426
达尔优	076986308803	339	3237968
道勤数码	076986851616	3776	32674674862
奥莱克	076988229789	255	2652453
徐氏翠缘	08713160189	9729	987442849826
美视银幕有限公司	13928789499	67969947	634744946689689426466474
宇瞻存储	15010815198	9922	989426286248
尊宝	18005547724	92	986226
爱丽团	4000002727	258	24548826
比美特	4000008868	268	2463483
银河风云	4000009879	9439	946433364986
hifiman	4000038566	4	4434626
神行者导航	4000103868	79934	743694649433264264
孩派	4000123447	47	424724
龙的电器	4000221811	5337	566433342674
爱立顺	4000263203	257	24547486
艾尔斯卫浴	4000281199	23799	24377493498
祈和	4000282800	74	7443
米酷网络科技	4000303053	659555	645892645865354
电意电子	4000306677	3939	342694342694
麦尔	4000309809	63	62437
易读宝	4000400066	932	9438226
允典居家	4000508011	9355	986342658542
客浦	4000509998	57	5378
惠人原汁机	4000532033	47995	484736982694454
一电科技	4000538880	9355	9434265354
赛亿	4000574666	79	72494
锋哲	4000606128	39	3364943
爱客中国	4000608857	2594	245394664486
瑞珀	4000622298	77	78476
东丽比诺	4000671518	3526	36645424686
倍思	4000712711	27	23474
普天手机	4000756618	7875	788426746854
鸿智电器	4000759399	4937	4664944342674
钜豪	4000760888	54	58426
品能	4000760902	76	7466364
拜亚动力	4000790770	2935	22492366454
比德斯	4000800756	237	243374
米奇网	4000800777	679	64749264
优蓝博	4000800940	952	96852626
雷蛇Razer	4000808769	577293	53474372937
拉卡拉	4000881234	555	525252
八哥板鞋	4000881986	2429	2243226943
JVC中国	4000888799	58294	58294664486
林清轩	4000901108	579	54674649826
一品婷	4000938800	978	947468464
安吉尔实业	4000961218	25379	26543774493
碧维视	4000979708	297	24934744
广颖电通	4000999350	4938	48264946434268664
希诺	4001010666	96	94686
亿田	4001016668	98	948426
克徕帝	4001089909	553	5352434
随芯随E	4001099819	7973	7849467843
simdo	4001130138	7	74636
康斯特	4001131199	578	52647483
盛泰	4001156666	78	74364824
宝优妮	4001160018	296	22696864
邦克仕科技	4001181122	25755	2264537445354
英孚	4001188733	93	946438
银泰网	4001191111	989	9468249264
burberry	4001201154	2	28723779
爱格升	4001203051	247	244374364
深圳航空	95080	7945	7436943642645664
迪奥Dior	4001226622	323467	34263467
人保车险	4001234567	7229	7362262439426
易宝支付	4001500800	9293	9422694438
乐家ROCA卫浴	4001512288	55762299	53542762293498
珍爱网	4001520520	929	9436249264
迈高乳业	4001530999	6479	6244267893
库巴网	4008708708	529	58229264
水芝澳	4001608820	792	748494426
优购网	4001639966	949	9684689264
亿通手机	4001660500	9875	948664746854
oppo数码	4001666888	67776	677674862
诺亚传说	4001668666	6927	68692248267486
周大福珠宝	4001669999	93392	94683238948226
申瓯通讯设备	4001700700	768972	7436688664986743234
荣登	4001802188	73	76643364
速8快捷酒店	4001840018	75553	7858245435483426
美嘉欣	4001853156	659	634542946
奥康鞋业	4001875555	2599	26526494393
三木通信	4001888180	7689	726688664946
伟易达	4001888628	993	9349432
奥普浴霸	4001991999	2792	26789822
哈飞汽车	4006000006	4372	4233474243
善之泉	4006000558	797	74269447826
amber	4006000798	2	26237
旺玛	4006001579	96	926462
乐心制造	4006002323	5999	53946944926
京崎手机	4006002345	5775	546474746854
莱仕达	4006003586	573	52474432
德尔电器	4006005757	3337	3337342674
the face shop	4006009015	8	84332237467
雅迪电动车	4006009566	93332	923434263664243
蓝色时代	4006014966	5773	52673744324
卓一电子	4006018880	9939	948694342694
红心挂烫机	4006019430	49485	4664946482826454
芝奇内存	4006019620	9762	94474634286
鸿星尔克	4006022033	4935	466494643753
优摩科技	4006033660	9655	968665354
亚都	4006040060	93	9238
科之光	4006053338	594	5394448264
德浦	4006055886	37	3378
琦基	4006063579	75	7454
飞羽电器	4006067688	3937	33498342674
邦士度	4006068889	273	226474438
乐果nogo音箱	4006069918	54664699	53486664694694264
艾利和数码	4006083116	25476	24544374862
多美吉	4006088505	365	38663454
菲仕乐	4006088689	375	33474453
李宁体育	4006100011	5689	5464648498
雀巢Nestle	4006104868	726375	7832426637853
摩瑞尔	4006106500	673	6678437
爱国者	4006106666	249	24486943
日冲商业	4006108498	7279	74246647426493
艾泰	4006120780	28	24824
雅兰仕	4006123586	957	92526744
富光实业	4006151558	3479	384826474493
爱普爱家	4006161102	2725	247824542
百邦手机快修	4006162900	227559	22422647468545824948
果滋滋	4006177917	499	4869494
百乐麦	4006180280	256	22453624
洛克手机保护配件	4006182227	55752475	58653746854226487345426
桑乐太阳能	4006186888	75896	72645382492646364
明荃狐臭净	4006199902	67425	646478264824685464
EDUP	4006199916	3	3387
艾娜骑士	4006206161	2677	246274744
康庄	4006206168	59	5264948264
安居客	4006209008	255	265853
科宝	4006211935	52	53226
贝易通	4006223158	298	234948664
魅格	4006263330	64	63443
亿格瑞	4006268220	947	9443784
港利通	4006282888	458	4264548664
archos	4006285188	2	272467
诺亚舟数码	4006289898	69976	68692946874862
友讯D-link	4006296688	99355	96898635465
东菱威力	4006315006	3595	3664546493454
精影	4006321086	59	54649464
盼盼防盗门	4006350588	77336	7267263264326636
优择	4006365119	99	96893
COMFAST	4006365918	2	2663278
捷信中国	4006381080	5994	54394694664486
瑞西屋	4006450645	799	7849498
优思	4006499964	97	96874
克莱斯勒（中国）汽车	4006500118	55759472	5352474539466448674243
福玛特	4006500227	368	386283
华录	4006500406	45	48258
爱尼克斯	4006506088	2657	24645374
京瓷手机	4006506400	5275	546424746854
肯辛通	4006508038	598	5369468664
必联（B-LINK）科技	4006529989	252546555	245426254655354
华信时代通讯	4006551878	497389	4829467443248664986
密丽药业	4006556822	6599	645492693
奥尼电子	4006566588	2639	2664342694
比德文	4006583111	239	2433936
路易威登（中国）	4006588555	599394	5894934336494664486
冠雅生物科技	4006589958	497955	48269274364985354
铁三角(大中华)有限公司	4006600846	8753949947	843726542632946644829689426466474
付太	4006601888	38	38824
明一奶粉	4006611111	6963	646494624336
腾达Tenda	4006622666	83833	83643283632
科奈信	4006623664	569	53624946
百慧智业	4006636180	2499	22448494493
ip-com	4006650066	4266	47266
开博尔	4006660036	523	5242637
瑞艺雅标识	4006662038	79927	78494922426744
圣宝	4006666355	72	74364226
掌微	4006668788	99	94264934
康尔达	4006673996	533	52643732
普林艾尔	4006677890	7523	785462437
思科CISCO（中国）	4006680680	752472694	74532472694664486
高新奇	4006680811	497	42694674
韩京姬	4006687600	455	426546454
八喜壁挂炉	4006688700	29245	22942448258
电小二	4006689293	393	3426942637
orico	4006696298	6	67426
奥睿科	4006696298	275	2678453
康明多译通	4006700018	56398	52646464386948664
玉兰油OLAY	4006700067	9596529	985269686529
倩碧CLINIQUE	4006701212	7225464783	74262425464783
宜客莱	4006702300	955	9453524
多乐士Dulux	4006703777	3573859	3865374438589
闪迪SanDick	4006706071	737234	7426347263425
植村秀	4006706565	929	944286948
任e行	4006720600	739	73639464
华美电器	4006725566	4637	482634342674
大华技术股份	4006728166	345743	324825474848336
帝豪汽车	4006729888	3472	3442674243
美克斯	4006751123	657	6345374
北通外设	4006754300	2897	2348664924743
双敏科技	4006760676	7655	7482646465354
瑞能	4006776048	76	7846364
维思诺	4006778886	976	93474686
快易典	4006780315	593	5824943426
TOTOLINK	4006780790	8	86865465
中远航科技	4006780866	99455	94664982642645354
艾诗凯奇	4006782001	2757	2474452474
欧普照明	4006783222	6796	687894266464
colorfly	4006785866	2	26567359
七彩虹	4006785866	724	742244664
摩天手	4006788010	687	6684267468
航嘉电子	4006788388	4539	4264542342694
奥朵	4006802662	23	26386
贝宝支付	4006806220	2293	23422694438
鑫奇	4006807888	97	94674
铭鑫	4006822528	69	6464946
普乐士	4006828864	757	7853744
幻响神舟	4006860388	4979	48269426474369468
皙肤泉	4006869920	937	94387826
蔻姿	4006869986	59	56894
火王	4006881992	49	4869264
德赛集团	4006886696	3758	33724548826
欧达	4006888086	63	6832
埃森客	4006888110	275	2473653
糯米网	4006888887	669	686649264
尚品网	4006900900	779	742647469264
卢森	4006908550	57	58736
意大利零度	4006909996	93553	943254546438
LOVO家纺	4006965165	568653	56865423264
帅丰	4006969666	73	748243364
九牧厨卫	4006969888	5629	54868248934
摩豹	4006980810	62	66226
美如画	4006980820	674	63478482
DEC中恒	4006985115	33294	332946644364
康立源	4006988189	559	5264549826
多彩科技	4006990600	3255	3862245354
林内	4006990606	56	546634
帅酷	4006993639	75	7482458
创世达	4006998859	273	24826474432
爱育幼童	4006999850	2998	24989688664
前锋CHIFFO集团	4006999988	7324433658	74263364244336548826
浩顺	4007000202	47	4267486
太平鸟商城	4007001188	87672	824746464267426424364
联创科技	4007001666	5255	54262482645354
辉煌家具	4007002325	4455	4844826454258
灿坤	4007002660	25	226586
安吉尔	4007003339	253	265437
富士宝	4007003366	372	38744226
影驰科技	4007003933	9255	94642445354
旅之星	4007004888	599	589449464
友利通	4007005556	958	968548664
邦华	4007006005	24	2264482
荣泰	4007006639	78	7664824
北美电器	4007006698	2637	234634342674
养生堂	4007006868	978	9264743648264
康纳鞋业	4007006969	5699	52646294393
曼秀雷敦	4007007708	6953	626948534386
索泰中国	4007008118	7894	78682494664486
忆捷科技	4007008288	9555	945435354
和信	4007008555	49	43946
Gateway	4007009888	4	4283929
科立讯	4007009995	559	5354986
飞迈	4007111688	36	334624
柚子舍	4007161818	997	96894743
尚品宅配	4007162020	7797	742647469424734
奇声	4007166111	77	7474364
海美迪	4007168006	463	42463434
捷波	4007168676	52	54326
爱必顿	4007202262	223	2424386
斐讯	4007205677	39	334986
盛付通	4007208888	738	74364388664
星星家电	4007654315	9953	946494645423426
杰科	4007703288	55	54353
圣象集团	4007708866	7958	7436494264548826
欧新	4007709999	69	68946
恒洁卫浴	4007777130	4599	436454393498
迪优美特	4007777938	3968	3496863483
爱美得	4007777945	263	2463433
国乾	4007778138	47	4867426
百得	4007778886	23	22433
e人e本	4007781111	3732	37363236
科沃斯	4007794666	597	539674
PBA	4007796400	7	722
芙儿优	4007798968	339	3837968
四季沐歌热水器	4007996666	7564777	7454684373748474
GXG	4008000808888300	4	494
德朗	4008000808	35	335264
波司登	4008035888	273	26743364
索尼爱立信	4008100000	76259	786642454946
华三通信	4008100504	4789	4827268664946
阿尔卡特	4008100588	2358	2375283
磊科	4008101616	55	53453
汉王科技	4008108816	4955	42692645354
花花公子	4008108917	4449	482482466494
天普	4008108988	87	842678
瑞泰人寿	4008109339	7877	7848247367468
爱普生	4008109977	277	247874364
锐捷	4008111000	75	784543
汉庭快捷酒店	4008121121	485553	426846458245435483426
皇明太阳能	4008132222	46896	48264646482492646364
熊津豪威	4008188100	9549	94664546426934
恒安人寿保险	4008188699	427729	43642673674682269426
麦克赛尔	4008200003	6573	6245372437
生命人寿	4008200035	7677	7436464647367468
路虎汽车（中国）	4008200187	547294	58487424394664486
自然美	4008200366	976	94726634
家乐福	4008200889	553	5425338
多普达	4008201668	373	3867832
理肤泉	4008202025	537	54387826
人本集团	4008203393	7258	736236548826
薇姿	4008205218	99	93494
上广电	4008205657	743	74264482643426
富士相机	4008206300	3795	387449426454
henkel	4008207278	4	436535
兰蔻	4008208017	55	526568
米技	4008208399	65	6454
魔声耳机	4008208973	6735	66743643754
古驰（GUCCI）	4008210582	4248224	4824448224
阿玛尼	4008210823	266	26264
贝尔金	4008211805	235	23437546
美凯龙	4008213213	655	6345245664
卡尼尔	4008215068	563	526437
巴黎欧莱雅	4008215098	25659	22546852492
宏达电子HTC	4008218998	4339482	466432342694482
乐歌	4008262001	94	98343
森歌	4008264588	74	73643
唐狮	4008266616	87	8264744
娃哈哈	4008267900	944	924242
好孩子	4008280000	449	42642494
易迅网	4008281878	999	949869264
莱克	4008288088	55	52453
微星	4008288588	99	9349464
威刚科技	4008288681	9455	93442645354
哥尔	4008300168	43	4337
永怡御风	4008301133	9993	966494983364
箭牌卫浴	4008301831	5799	542672493498
福迪	4008302722	33	3834
netgear	4008303815	6	6384327
凯仕乐	4008307898	575	52474453
东菱	4008308188	35	36645464
阿诗丹顿	4008308555	2733	2744326386
菲星	4008308630	39	3349464
倍轻松	4008309700	277	23474647664
韩丽	4008309901	45	42654
钻石快线	4008309903	9759	982674458249426
苏宁	4008365365	76	786464
中国邮政储蓄银行	95580	94992994	9466448696894364248989464264
七天连锁酒店	4008740087	785753	74842654267865483426
钻石小鸟	4008800051	9796	982674494266426
伊立浦	4008800088	957	945478
凯驰	4008801060	52	524244
貂王	4008801135	39	34269264
泰昌	4008802688	82	82424264
中宇	4008802789	99	9466498
半岛铁盒	4008804030	2384	22632684343
天骏	4008805030	85	8426586
多美滋	4008805288	369	38663494
加莱尼	4008808115	556	54252464
力拓	4008808718	58	54886
森松尼	4008808718	776	736766464
佑一良品	4008808810	9957	9689454264746
皇威	4008810887	49	48264934
多乐	4008811331	35	38653
小拇指汽车维修	4008811688	9697299	94266894474243934948
高仪	4008811698	49	42694
欧尼尔	4008811910	663	686437
倚兰	4008812400	95	94526
索浪	4008813088	75	7865264
赛维克	4008813332	795	72493453
双庆家居	4008815015	7755	748264746454258
高斯	4008821238	47	42674
欧司朗	4008821836	675	68745264
飞时	4008822009	37	334744
邮政速递EMS	11183	9973367	968943647834367
宾得相机	4008827058	2395	246339426454
华光电器	4008827188	4437	48248264342674
康星	4008828133	59	52649464
富勒	4008828266	35	3853
jcg	4008828298	5	524
易丰	4008828699	93	943364
爱玛电动车	4008828890	26332	246234263664243
迅捷	4008830660	95	986543
奇瑞汽车	4008838888	7772	7478474243
宾果电子	4008839611	2439	246486342694
蓝魔	4008839858	56	52666
欧派	4008841868	67	68724
六福珠宝	4008846222	5392	54838948226
匹克	4008848840	75	7453
智器	4008850820	97	94474
杜邦	4008851888	32	382264
达芙妮	4008853355	336	323864
安踏	4008856000	28	2682
卡地亚	4008856618	539	523492
爱仕达	4008858111	273	2474432
MOMAX	4008860010	6	66629
cyberblue	4008860030	2	292372583
凯立德	4008860118	553	5245433
艾美特	4008860315	268	2463483
TP-Link	4008863400	8754	875465
氧生活	4008865551	974	926474364486
金泰克	4008866281	585	54682453
阿科达	4008866605	253	25332
九牧王	4008869868	569	548689264
吉利	4008869888	55	5454
海澜之家	4008872558	4595	424526944542
南孚电池	4008873599	6332	626383426244
久盛	4008875998	57	54874364
名匠轩	4008876288	659	6464542649826
特步服饰	4008876666	8237	832838744
扬子空调	4008877000	9958	92649456648426
尼维达	4008878138	693	6493432
飞科FLYCO电器	4008878282	353592637	3345335926342674
三一重工	4008878318	7994	72694946644664
百丽鞋业	4008878668	2599	2245494393
希捷存储	4008878790	9522	94543286248
舒华跑步机	4008878855	74725	7484827262854
不见不散	4008880396	2527	28542628726
欧意	4008880588	69	6894
德业	4008880828	39	3393
莱卡相机	4008883600	5595	524529426454
皮尔卡丹	4008886019	7353	743752326
新日	4008886999	97	94674
雷柏键鼠	4008887778	5257	534265426748
金瑞	4008888208	57	546784
中意人寿	4008889888	9977	94664947367468
相宜本草	4008890208	9922	9426494236226
乐谷	4008890706	54	5348
天翼手机	4008891189	8975	842694746854
中宝	4008893999	92	94664226
谷旗	4008897772	47	4874
阿米尼	4008898680	266	26464
戴维尼	4008899520	396	32493464
东方神	4008899627	337	366432647436
普莱达	4008899923	753	7852432
羽博	4008899936	92	9826
NEC	4008900678	6	632
清华阳光	4008908588	7494	7464482926448264
雅鼎	4008980788	93	923464
上品折扣	4008980808	7795	74264746943568
amd	4008985643	2	263
乐之邦	4008988881	992	9839442264
中国好声音	4009201008	94479	9466448642674364946
JBL	4009207789	5	525
黑莓手机	5198887465	4675	434634746854
宝利通	8007659266	258	226548664
好丽友	8008036158	459	42654968
怡成	8008100118	92	9424364
利盟Lexmark	8008100595	5653967	5463645396275
赛克电动车	8008188585	75332	7245334263664243
创见	8008199388	25	2482645426
上汽荣威	8008200068	7779	74264747664934
双立人	8008200200	757	74826454736
艾利	8008200598	25	2454
技嘉科技	8008200926	5555	545425354
泊美	8008201010	26	26634
羽西	8008201307	99	9894
博朗	8008201357	25	265264
凯迪拉克	8008201902	5355	524345253
雪佛兰	8008201912	935	98336526
上汽通用别克	8008202020	778925	74264748664966424353
妈富隆	8008202098	635	62385664
柯尼卡美能达	8008202656	565663	536452634636432
理光相机	8008203121	5495	54482649426454
美标卫浴	8008203191	6299	634242693498
中晶	8008203273	95	946645464
友邦保险	8008203588	9229	96822642269426
微软-中国	8008203800	9794	934782694664486
力易得	8008203810	593	549433
西蒙电器	8008205960	9637	946364342674
雅培奶粉	8008206111	9763	92734624336
西部数据	8008206682	9275	942874858
费雪	8008206939	39	334983
妈咪宝贝	8008207080	6622	6264226234
乐扣乐扣	8008207919	5555	5356853568
巴法络	8008208262	235	2232586
耐克NIKE	8008208865	656453	624536453
TOTO	8008209787	8	8686
益节	8008282055	95	94543
洛基地板	8008285988	5532	5865434226
贝尔莱德	8008301631	2353	2343752433
周生生	8008301878	977	94687436474364
宝洁-中国	8008302035	2594	22654394664486
丽声音响	8008302161	5799	547436494694264
光大银行	95595	4394	48264329464264
雷士照明	8008303995	5796	53474494266464
双飞燕中国	8008305825	73994	74826433492694664486
美即	8008306301	65	63454
佳洁士	8008306880	557	542543744
法恩莎	8008308532	337	3236742
铁将军	8008308886	855	84354264586
安健	8008309053	25	265426
顾家家居	8008571193	4555	4854254258
兔宝宝	8008573722	822	88226226
世友	8008573898	79	744968
广博	8008574209	42	4826426
奇迪	8008574328	73	7434
洁丽雅	8008575518	559	5435492
贝乐卫浴	8008577571	2599	2345393498
璐瑶电子	8008577810	5939	58926342694
步阳	8008579388	29	289264
瑞声达	8008582440	773	7847436432
林德	8008582665	53	54633
澳优乳业	8008786122	2979	269687893
英菲尼迪汽车	8008809090	936372	9464334643474243
狮傲康	8008832222	725	744265264
吉象地板	8008867171	5932	549426434226
翔升电子	8008880123	9739	9426474364342694
史麦斯壁挂炉	8008881818	767245	744624742448258
迪美	8009007699	36	34634
楚乔电气	8009573151	2737	2487426342674
德龙	8009881668	35	335664
葳朗	8009990821	95	9345264
雅佳	8009991228	95	92542
现代数码	8009993626	9376	942632474862
三诺	8009995328	76	726686
美乐家	8009995859	655	63453542
善存数码	8009996261	7276	742628674862
卡登仕	85236287500	537	523364744
金利来(中国)有限公司	862038781688	555949947	54654524946644869689426466474
i-rocks	886229113080	4762	476257
robina floor	8888629898	7	76246235667
冒险岛（盛大游戏）	951052228025	6937399	6269426326743643296894
智通人才	95105333	9872	9448664736224
兄弟打印机	95105369	93395	94664343294654
映泰集团	95105530	9858	9464824548826
海康人寿	95105768	4577	42452647367468
天梭	41329333111	87	8426786
雅加达Agoda	442030277900	9532463	925423224632
途美	01051650880	86	88634
洋河酒厂股份有限公司	4008281589	9452439947	92644354824264483369689426466474
民生银行	95568	6794	646743649464264
浦发银行	95528	7394	78329464264
中信银行	95558	9994	946649469464264
华夏银行	95577	4994	4829429464264
华为手机	4008308300	4975	482934746854
携程网	10106666	929	943243649264
华硕科技	4006006655	4755	48274865354
科勒卫浴	4008202628	5599	535393498
得实打印机	4008109998	37395	337443294654
清华同方	4006105888	7483	746448286643264
北京现代	4008001100	2593	23454649426324
松下电器	4008100781	7937	7664942342674
志邦橱柜	4008877018	9224	9442264248484
东尚旅行网	4008209790	37599	3664742645894649264
优派ViewSonic	4008988588	9784397662	968724843976642
深圳发展银行	95501	793994	743694363294269464264
顺丰快递	4008111111	7353	74863364582434
华泰保险	4006095509	4829	4828242269426
国泰君安	95521	4852	48682458626
明基集团	4008880333	6558	646454548826
韵达快递	4008216789	9353	98632582434
信诚人寿保险	95558	927729	9462436473674682269426
恒生银行	4001208288	4794	4364743649464264
ZTE中兴	8009009999	98399	983946649464
创维电器	95105555	2937	248264934342674
富士施乐	8008205146	3775	3874474453
圆通速递	02169777888	9873	982686647834
HRS全球订房网	8007201388	47777339	4777826748346432649264
梦芭莎网	4007167878	6279	6364227429264
当当网	4001066666	339	326432649264
中国人民银行	01066194114	947694	946644867366469464264
快乐购物	8007051111	5549	58245346898
上海航空	95530	7445	7426442442645664
北京银行	95526	2594	23454649464264
步步高vivo手机	8008305833	2248675	28284268486746854
阿里斯顿热水器	4006717333	2573777	2547438673748474
国家开发银行	01068306688	455394	486542524329464264
蒙牛乳业	8008053333	6679	63646487893
万州人才网	02358228270	99729	92694687362249264
丽家宝贝	4006115116	5522	54542226234
美菱电器	4008111666	6537	6345464342674
长虹集团	4008111666	2458	242644664548826
中国万网	4006008500	9499	946644869269264
安邦保险	95569	2229	2622642269426
申通快递	95543	7853	74368664582434
必恩威科技	8008309243	23955	24369345354
迅雷科技	075526630330	9555	9865345354
拍鞋网	4008818283	799	7249439264
台州人力网	057688678800	89759	8249468736549264
老板电器	95105855	5237	526226342674
驾校一点通	057188924015	59938	54294269434268664
才好网	051683106833	249	2244269264
黎明重工	4006559906	5694	546464946644664
汉口银行	4006096558	4594	4265689464264
椒太郎	4008875033	585	54268245264
江苏银行	4008696098	5794	54264789464264
山东航空	4006096777	7345	7426366442645664
阳光巴士创业网	4006500010	9427299	92644826422744248264939264
楚天运动	4000276899	2893	24884269863664
厦门航空	95557	9645	94263642645664
新蛋网Newegg	4008204400	93963934	9463269264639344
卡西欧Casio中国	4007006655	596227694	5294682274694664486
久游网	02161361860	599	5489689264
益盟操盘手	4006708688	96277	9463642267267468
天天基金网	02154509988	88559	84268426545469264
中华驾校网	01051262009	94599	9466448254294269264
上海保险箱网	4006687004	742999	742644242269426942649264
盛大	02195105222	73	7436432
摩托罗拉中国	4008105050	685594	668865865294664486
环迅支付	4006438588	4993	482698694438
四川航空	4008300999	7245	742482642645664
广之旅	4008638888	495	4826494458
安利中国	4006888888	2594	265494664486
同创考研网	01051283525	82599	86642482645269269264
易车网	01068492345	929	942439264
建信基金公司	4008195533	595547	542694654546466474
北斗手机网	01058228953	23759	2343687468549264
中国青少年发展基金会	01064035547	9477639554	9466448674647426642632942654546484
多友科技	4000789818	3955	3869685354
孔夫子旧书网	01064755951	539579	566438945487489264
住哪网	4006665511	969	948629264
中大网校	4000188000	9399	946643292649426
国美电器	4008199777	4637	486634342674
逛街网	4007002525	459	482645439264
mba中国网	4006009288	62949	622946644869264
久久票务	01051652103	5579	548548742698
易教网	01051267892	959	9454269264
快乐e行	4006669999	5539	58245339464
东亚银行	8008303811	3994	3664929464264
广州银行	4008396699	4994	4826494689464264
5173	057983225173		
9158	4008839158		
17173	059187767088		
120健康网	4000866120	559	542652649264
128旅行网	02083764188	599	5894649264
131游戏之家	075582033005	9995	96894944542
178游戏网	01082619420	999	968949264
1号店	4000071111	43	4263426
1号药网	4000070958	499	4269269264
21CN	02038733114	26	26
28商机	4008182828	75	7426454
360教育在线	02583193078	5999	5426989249426
3DMGAME网	01084920551	3642639	3642639264
4399小游戏	05923304399	999	942696894
4inlook隐形眼镜网	4006406060	456599959	465665946946492654649264
51766旅游网	4008051766	599	589689264
58团购	4007895858	84	8826468
591结婚	02132211266	54	543486
ao史密斯	4008288988	2767	267446474
中国汽车礼品网	4008123818	9472579	9466448674243547469264
中国汽车用品网	4006069699	9472979	946644867424396647469264
中国人民财产保险	95518	94762229	9466448673664622424262269426
中国人寿	95519	9477	946644867367468
中国深网	4006556330	9479	9466448674369264
中国网络电视台	01088046666	9495378	9466448692645863426744824
中国污水处理工程网	4006002094	949725429	94664486987484248544664243649264
中国五金商城	057987216686	949572	94664486985467426424364
中国鲜花礼品网	4008898188	9494579	946644869426482547469264
中国校长网	03518626557	94999	946644869426942649264
中国移动	10086	9493	94664486943664
中国易俢网	4008128138	94999	94664486949489264
徽商银行	4008896588	4794	484742649464264
中国游戏中心	075528810101	949999	946644869689494664946
中国再保险	01066576666	94929	946644869242269426
中国早教网	01082838188	94959	9466448692654269264
中国招生网	01062961030	94979	946644869426743649264
中国振动机械网	037163673370	9493599	9466448694363664549439264
中华会计网	4008104588	94559	946644825824549264
中华室内设计网	075583869028	9476759	94664482744634743549264
中华网	01084105771	949	946644829264
中劳网	4000107878	959	946645269264
中票在线	4008802880	9799	9466474269249426
中青旅遨游网	4008840086	975299	94664746458269689264
中通速递	02139777777	9873	9466486647834
天天快递	4001888888	8853	84268426582434
中吴网	4001105158	999	94664989264
中学学科网	01058425255	99959	94664983983539264
中演票务通	4008183333	99798	946649267426988664
中药材天地网	4000008585	992839	946649262248426349264
宅急送	4006789000	957	9424547664
春秋航空	4008206222	2745	248674842645664
重庆酒吧网	02367702488	27529	246647464548229264
杭州银行	4008888508	4994	426494689464264
东莞银行	4001196228	3494	366448269464264
自行车旅行网	02085697255	992599	9494642435894649264
纵横科技	4007709278	9455	966443645354
走秀网	4008884499	999	9689489264
醉逍遥	02160561811	999	9849426926
左岸女人网	4007005912	92679	98626687369264
F团	4001100100	38	38826
imo企业通讯软件	8008206575	46798975	4667493866498678265426
LG	4008199999	5	54
PPTV网络电视	02787572607	77889537	778892645863426744
TCL	4008123456	8	825
爱吧游戏	01084030059	2299	242296894
爱飞网	4006184066	239	243349264
爱奇艺	01062677171	279	247494
爱婴室	9625132	297	249464744
汇通快运	02162963636	4859	48486645824986
一汽奥迪AUDI	4008171888	97232834	947426342834
河北航空	031196699	4245	4323442645664
奥林巴斯	4006500303	2527	265462274
奥图码	8008208150	286	268862
澳柯玛	4006187777	256	265362
八方资源网	075529961013	23999	2232649498269264
百才招聘网	4006786390	22979	22422494267469264
百合网	4000299520	249	224439264
百酷网	057161063911	259	224589264
邦购网	4008219988	249	22644689264
帮考网	4006601360	259	22645269264
梆梆防盗	4008881881	2233	226422643264326
宝马BMW汽车	4008006666	2626972	2266226974243
保保网	4006685007	229	2262269264
爆米花网	057189937114	2649	226644829264
深圳农村商业银行	4001961200	79627994	74369436666428674264939464264
北京首信科技	01084798585	257955	234546474689465354
北京易贷网	4000009918	25939	2345464943249264
奔驰汽车	4008181188	2272	23624474243
奔腾电器	4008203456	2837	2368364342674
必胜客	4008123123	275	247436453
飚王	4006400675	29	24269264
博时基金	95105568	2755	2674454546
博世	4008268484	27	26744
博思人才网	4000766818	27729	26747362249264
汇丰银行	8008302880	4394	48433649464264
布丁酒店连锁	4008802802	235357	28346454834265426786
布谷网家具商城	4008823599	2495572	28489264542587426424364
财智软件	02887026062	2975	22494478265426
彩经网	4008168876	259	22454649264
彩票大赢家	4006661861	27395	2247426329464542
彩圣科技	02154203889	2755	224743645354
草莓网	4001200018	269	2266349264
车讯网	4006258989	299	2439869264
川聘人才网	02887363615	27729	248267467362249264
春兰空调	4008281889	2558	248652656648426
春宇	4008887898	29	248698
答疑网	4006869101	399	32949264
大宝	4008188778	32	32226
大成基金	4008885558	3255	322436454546
大都会人寿	4008188168	33477	32384847367468
酷航	4001203055	54	584264
大贺传媒股份有限公司	02584202212	3426439947	324324826634483369689426466474
大金空调	8008201081	3558	3254656648426
大金投资公司	01085181117	358947	3254686894466474
大众点评团	4008205527	39378	3294664342674648826
当家作主网	4006639093	35999	32645429869489264
UPS国际快递	4008208388	8774553	87748654582434
德州信息港	05342340534	39994	339468946944264
地盘网	4006089697	379	347269264
第一视频新闻网	4006100220	3977999	34947447469469369264
电玩巴士	4006577566	3927	342692622744
蝶迅网	4006880836	399	3439869264
吉祥航空	02195520	5945	549426442645664
东方特许加盟网	4006666688	3389569	36643264839854263649264
东方网	02160850222	339	366432649264
东方网景	01062692880	3395	3664326492645464
重庆银行	96899	2794	2466474649464264
东芝中国	4008180280	3994	366494494664486
朵唯手机	4007003456	3975	386934746854
二手车之家	01059857692	37295	377468243944542
法律快车	4006781488	3552	32585824243
方太厨电	4000315315	3823	32648242483426
方正科技	4006000666	3955	3264943645354
飞瀛网	4008850663	399	33494649264
飞友网	05512319112	399	3349689264
凤凰网	01084458000	349	3364482649264
福州多才网	059183173333	39329	3894683862249264
赶火车网	4001198198	4429	4264862439264
赶集团购	4007896677	4584	426548826468
华信航空	024128008	4945	48294642645664
DHL	8008108000	3	345
高朋团购网	4001100100	47849	426736488264689264
格力电器	4008365315	4537	4354342674
工银瑞信	4008119999	4979	4664946784946
公益时报网	01065931868	49729	4664947442269264
冠捷AOC	4008878007	45262	4826543262
广东天际	4007005007	4385	482643664842654
广发基金	02083936666	4355	482643254546
广发证券	95575	4397	4826432943647826
广州古摄影	02087653247	49479	482649468487439464
上海农商银行	021962999	746794	742644246664742649464264
国际青年旅社	02087513731	457657	486547464642658743
国家旅游局	01065201114	45595	4865425896858
国家司法考试网	01057409901	4573579	48654274325267449264
国家医师考试网	01062752062	4597579	486542947445267449264
国人在线	4006288118	4799	4867369249426
速尔物流	4008822168	7395	783798548
国信证券	95536	4997	486946943647826
果皮网	01051663808	479	486749264
海尔电器	4006999999	4337	42437342674
重庆航空	95539	2745	24664746442645664
海信中国	4006111111	4994	42494694664486
奥地利航空	4008810770	23545	26345442645664
汉鼎	4008260330	43	4263464
汉网	02785771888	49	4269264
好乐买	4008610400	456	42653624
好买基金	4007009665	4655	42662454546
亨亨旅游网	031187663060	44599	43644364589689264
青岛银行	96588	7394	74643269464264
恒热热水器	8008207837	47777	43647373748474
河北银行	4006129999	4294	432349464264
红孩子	4006160066	449	466442494
宏基	4007001000	45	466454
湖北程力专用汽车有限公司	4006044935	422599729947	482342436454948269664742439689426466474
湖南长沙新华电脑学院	073188108888	4627943699	486262426474294648234266269839826
华安基金	4008850099	4255	4822654546
华帝燃具	4008886288	4375	4823472658
华股财经	075582889168	4425	482482245464
华强led网	4008873118	47539	482742645339264
华人风电网	02425670358	47339	482736336434269264
华图网校	4006781009	4899	4828892649426
华夏大地教育网	4006100480	4933599	48294232345426989264
华夏基金	01058156230	4955	48294254546
成都银行	4006896511	2394	24364389464264
华禹教育网	02989355098	49599	482985426989264
环球旅讯	02087605706	4759	482674858986
皇朝网络	4006761998	4295	4826424269264586
黄金岛	075586367559	453	48264546326
黄金投资策略网	02083631492	4589259	4826454686894235839264
汇付天下	4008202819	4389	484388426942
联邦快递	8009881888	5253	54262264582434
汇通网	02162172178	489	48486649264
惠而浦	95105696	437	4843778
惠氏中国	4007001826	4794	48474494664486
惠威音响	4000909199	4999	48493494694264
慧择网	4006788618	499	484939264
激动网	02154619500	539	5436649264
际通宝	057187205780	582	548664226
优速快递	4001111119	9753	96878582434
佳能中国	4006222666	5694	542636494664486
佳途国旅	4008129100	5845	5428848658
中铁快运	95572	9859	946648435824986
嘉实基金	4006008800	5755	54274454546
建设工程教育网	01082326699	5742599	54267434664243645426989264
吉林银行	4008896666	5594	545469464264
剑侠世界	02885437733	5975	5426942744543
哈尔滨银行	4006095537	43294	42372469464264
教育人生网	02131265526	59779	542698736743649264
杰诺在线	4006560601	5699	5436869249426
捷豹汽车	4008208955	5272	54322674243
捷思锐	01062691129	577	54374784
金典办公	4007075577	5324	54634262264664
金立手机	4007796666	5575	54654746854
金羚洗衣机	4008884488	55995	5465464949454
奥凯航空	4000668866	2545	2652442645664
金士顿	8008101972	573	546744386
金象网	01062220790	599	546942649264
金羊网	02087319116	599	54692649264
锦江之星	4008209999	5599	546542649449464
重庆农村商业银行	966866	27627994	246647464666428674264939464264
自贡商业银行	081396813	947994	94466474264939464264
京东商城	4006065500	5372	546436647426424364
九安医药电子	8008180505	529939	5482694926342694
九阳电器	4006186999	5937	5489264342674
九叶网	8008306796	599	548939264
聚美优品	4000123888	5697	58634968746
聚齐网	4001597597	579	58749264
卡巴斯基	4008191313	5275	52227454
开心人网上药店	4009990999	5979793	5249467369264742649263426
开心网	4006115001	599	5249469264
凯撒旅游网	4006066666	57599	52472589689264
凯士金数码科技	075583987378	5757655	524744546748625354
看购网	4006776516	549	5264689264
康宝电器	4007000818	5237	5264226342674
康佳电器	4008800016	5537	5264542342674
康强网	05925901237	579	5264742649264
考试大网	4000800233	5739	526744329264
考鸭网	01082600115	599	526929264
考研教育网	01082335666	59599	5269265426989264
柯达相机	8008206027	5395	53329426454
科龙电器	4008099999	5537	535664342674
科密	02081930822	56	5364
肯德基	4008823823	535	5363354
酷车网	4008115178	529	582439264
酷派手机	4008881388	5775	58724746854
酷配网	4001883338	579	587349264
酷讯旅游	01059802829	5959	5898658968
成都航空	02866668888	2345	243643842645664
中邮物流	11185	9995	9466496898548
快钱支付	02552687015	5793	5824742694438
快易捷药品交易网	4006013688	59597599	5824945439267465426949264
大韩航空	4006588888	3445	3242642645664
拉手网	4000517317	579	5274689264
蓝途旅游网	4006780025	58599	52688589689264
浪木电器	4006000588	5637	526468342674
乐蜂网	4000001818	539	5333649264
乐视网	4006300104	579	537449264
乐淘网	4006965566	589	538269264
乐途旅游网	01084428216	58599	5388589689264
乐友母婴用品网	4006669888	5969979	5396868946496647469264
雷克萨斯	4008102772	5577	534537274
留学e网	4008118484	5939	54898339264
安捷速递	4000565656	2573	265437834
北京农商银行	96198	256794	23454646664742649464264
路畅	4008821826	52	5824264
驴妈妈旅游网	10106060	566599	586262589689264
旅游互联	4006789691	5945	58968485426
马可波罗网	4006501997	65259	6253265869264
马自达	4006668080	693	629432
玛萨玛索	4008125678	6767	627262786
买特网	057728828888	689	624839264
麦包包	4006528528	622	624226226
麦当劳	4008517517	635	6243264526
麦考林	95105225	655	624526546
满座网	4006858666	699	6269869264
漫步者	4008105526	629	62628943
芒果旅游网	4006640066	64599	6264486589689264
美的集团	4008899315	6358	63434548826
港龙航空	4008886628	4545	4264566442645664
美丽说	4000800588	657	634547486
美斯特家电	4008812888	67853	63474835423426
美团网	4006605335	689	63488269264
魅族Meizu	4007883333	69639	6349863498
猛买网	4006705365	669	63646249264
米胖旅游网	057188080996	67599	647264589689264
德邦物流	4008305555	3295	33226498548
渤海银行	4008888811	2494	264249464264
名鞋库	4008002222	695	646494358
魔域	059187085777	69	6698
谋思网	4006911666	679	668749264
男婚女嫁网	037155673858801	64659	626486685429264
南方基金	4008898899	6355	626326454546
南方人才网	8008308618	63729	62632647362249264
南湖国旅	4000840008	6445	6264848658
东莞农村商业银行	961122	34627994	36644826666428674264939464264
能率电器	8009881998	6537	636458342674
尼康中国	4008201665	6594	64526494664486
广州农商银行	961111	496794	4826494686664742649464264
恒丰银行	4008138888	4394	436433649464264
纽曼数码	4008101989	6676	64862674862
晋城银行	95105757	5294	546243649464264
诺基亚Nokia	4008800123	6596652	686549266542
欧琳家电	4008262777	6553	685465423426
票务168	01051661188	79	742698
品尚红酒网	4001519888	77459	7467426446645489264
品胜电子	4008881438	7739	74674364342694
平安保险	95511	7229	7464262269426
晋商银行	95105588	5794	546742649464264
普田电器	4006575268	7837	788426342674
七喜电脑	4007799999	7936	74943426626
龙江银行	4006458888	5594	5664542649464264
汽车点评网	01062607878	72379	74243342674649264
汽车探索	01084945305	7287	74243826786
汽车之家	01059857000	7295	74243944542
汽车租赁网	4008889398	72959	74243985469264
汽修之家	4006991230	7995	74948944542
轻舟装饰	4001190789	7997	74649468948264744
趣玩网	4006968686	799	789269264
港中能达快递	02160739320	496353	426494664636432582434
国通快递	4006773777	4853	4868664582434
佳吉快运	4008205566	5559	542545824986
日立中国	01065908111	7594	745494664486
荣事达	4007006333	773	766474432
如家酒店	4008203333	7553	785425483426
瑞鑫电器	4006867799	7937	784946342674
赛格网	4008338338	749	724439264
三林热水器	4008129980	75777	72654673748474
三峡旅行网	4006265280	79599	7269425894649264
三星电子	4008105858	7939	7269464342694
厦华电子	4008885666	9439	942482342694
韩亚航空	4006508000	4945	4269242645664
金鹿航空	4000666888	5545	5465842645664
山水旅游黄页	07732580114	775949	74267484589684826493
快达航空	01057603866	5345	58243242645664
上海药房网	02164451111	74939	7426442492632649264
南京银行	4008896400	6594	62654649464264
尚美酒	4000626621	765	74264634548
宁波银行	96528	6294	6464269464264
昆明航空公司	4008876737	564547	586646442645664466474
神舟国旅	4000100808	7945	7436946848658
盛生网	4006558255	779	74364743649264
施耐德	4008101315	763	74462433
世纪佳缘	01057835066	7559	744545429826
世界工厂网	4006692008	75429	7445434664242649264
世界行	01051658899	754	7445434264
视客眼镜网	4007168432	75959	7445392654649264
美国大陆航空公司	8005233273	64354547	634486325842645664466474
蜀门Online	02122817059	766656	748636665463
帅康电器	4007001111	7537	748245264342674
佳怡物流	4006319999	5995	5429498548
丝芙兰化妆品网站	4006700055	73549799	743852648294826474692649426
斯柯达	4008201111	753	745332
搜车网	053285892090	729	7682439264
搜狗网	01062728080	749	7684689264
搜狐	01058511234	74	76848
搜狐畅游	02227695566	7429	7684824264968
搜旅网	4007005555	759	768589264
搜学网	01064801088	799	7689839264
苏泊尔电器	4008899717	72337	782637342674
苏宁易购	4008198198	7694	78646494468
快捷速递	4008304888	5573	58245437834
索尼中国	4008109000	7694	7866494664486
宁夏银行	96558	6994	64649429464264
太平洋保险	95500	87929	824746492642269426
太平洋电脑网	4008808111	879369	8247464926434266269264
太阳雨太阳能	4007109977	899896	82492649882492646364
泰康人寿保险	95522	857729	824526473674682269426
淘鞋网	4006805888	899	8269439264
首都航空	95071999	7345	74683842645664
齐鲁银行	4006096588	7594	74589464264
龙邦快递	076988921111	5253	56642264582434
天天商城	4008102211	8872	842684267426424364
天天招生网	01063985107	88979	842684269426743649264
天天轴承网	01051653539	88929	842684269468243649264
天涯社区	089868582666	8977	84269274378
天语手机	4007009966	8975	842698746854
天智旅游商品网	4006886500	8959779	842694458968742647469264
同程网	4007777777	829	8664243649264
同花顺	057156768888	847	86644827486
同考网	01064452702	859	86645269264
途牛旅游网	4007999999	86599	88648589689264
土豆网	02151702373	839	883689264
团宝网	4006178888	829	88262269264
完美世界	01058859167	9675	926634744543
万车网	4008188098	929	9262439264
万和电器	4008308383	9437	92643342674
万家乐	4007003888	955	92654253
万利达	4006688999	953	9265432
万隆证券	02066618988	9597	9265664943647826
网秦科技	4006867616	9755	92647465354
网上车市	4008112233	9727	926474264243744
威宝科技	075588264860	9255	9342265354
唯品会	4006789888	974	934746484
伟峰影像设备	057486590000	939972	9343364946494264743234
窝窝商城	4000155555	9972	96967426424364
窝窝团	4001015555	998	96968826
我友网	02169500160	999	969689264
上海银行	021962888	7494	742644249464264
西北人才网	09318811283	92729	942347362249264
天津航空	950710	8545	842654642645664
西部航空	95071095	9245	942842645664
西行驿站	4006688157	9999	949464949426
西门子电器	4008899999	96937	9463694342674
西铁城手表	4006501958	98272	948432436474682426
夏新手机	4008875777	9975	942946746854
先锋电器	02126066666	9337	94263364342674
先锋教育网	4006536900	93599	942633645426989264
西藏航空	02885207888	9945	94926442645664
橡果国际购物	4006698888	944549	942644864865446898
小米手机	4001005678	9675	942664746854
小天鹅电器	4008228228	98337	942684263342674
欣欣旅游网	05922290733	99599	946946589689264
民航速递	4008174008	6473	64642647834
新飞电器	4006098888	9337	946334342674
新广网	08732842287	949	946482649264
新浪乐居	4006066969	9555	94652645358
新闻稿在线	01062507952	99499	9469364269249426
全峰快递	4001000001	7353	78263364582434
星海假日	041184677777	9457	946442454274
祥鹏航空	95071950	9745	94264736442645664
迅尔无线对讲机	4006986377	9399355	986379894263845426454
雅虎中国	01065986000	9494	924894664486
雅漾护肤	4008203639	9943	9292644838
亚洲订房网	4006150060	99339	929468346432649264
幸福航空	4008680000	9345	94643842645664
阳光保险	95510	9429	9264482642269426
阳光旅行网	4006669977	94599	9264482645894649264
叶子猪游戏网	02038383116	999999	9394948968949264
伊莱克斯	95105801	9557	945245374
医学教育网	01082311666	99599	949835426989264
艺龙旅行网	4009333333	95599	9456645894649264
易方达基金	4008818088	93355	9432643254546
易讯商城	4008286699	9972	949867426424364
银华基金	4006783333	9455	94648254546
樱花电器	051257711778	9437	9464482342674
樱雪电器	4008303388	9937	9464983342674
赢在龙头	01068799639	9958	94649245664868
用友软件	4006600588	9975	966496878265426
优酷网	01059711938	959	968589264
优优二手车网	4008881257	993729	9689683774682439264
全日通快递	02866006000	77853	7826748664582434
游久网	02988196870	959	9685489264
游天下	4006300088	989	9688426942
游侠客旅游网	4006706300	995599	96894253589689264
友成企业家扶贫基金会	01084861231	9279537554	9682436474935423874654546484
有才网	4006179668	929	9682249264
又拍网	057181020203	979	9687249264
宇通客车	4006596666	9852	98866453243
语信手机	4001118111	9975	98946746854
育路教育网	01051268840	95599	98585426989264
全一快递	4006631111	7953	782694582434
远播教育网	4008820288	92599	9826265426989264
远征OL	075526734415	9965	98269436465
云南招聘网	4000440007	96979	98662694267469264
穗佳物流	4008809771	7595	78454298548
新邦物流	4008000222	9295	946226498548
台州银行	4006696528	8994	82494689464264
信丰物流	4008306333	9395	946336498548
战略网	01062360932	959	94265839264
天津银行	4006960296	8594	84265469464264
找法网	02038975965	939	9426329264
武汉农村商业银行	96555	94627994	98426666428674264939464264
指南针旅游网	15013301096	969599	9446269436589689264
志高电器	4006757888	9437	944426342674
智联计算机考研网	01062528662	95575599	9445426547826545269269264
中办购物	4006991915	9249	9466422646898
中大期货	4008810999	9374	946643274486
中公教育网	4006300999	94599	9466446645426989264
中关村在线	4006780068	94299	9466448262869249426
中国保温网	8008573032	94299	946644862269369264
中国采招网	01088138022	94299	9466448622494269264
中国电信	10000	9439	946644863426946
中国订房联盟	02151096556	943356	946644863464326454266364
中国儿童少年基金会	01085115406	943876554	946644863786647426642654546484
中国扶贫基金会	01062655199	9437554	946644863874654546484
中国高考招生网	4008677999	9445979	946644864265269426743649264
中国古镇网	4008213973	94499	946644864894369264
中国国际海运网	4001858997	9445499	94664486486544249869264
亚洲航空Airasia	02022817666	994524272	929468426456642472742
中国华夏文化遗产基金会	01085115407	94499492554	9466448648294293648294242654546484
中国基础教育网	01062206668	9452599	94664486542485426989264
中国加盟网	4000500555	94569	9466448654263649264
中国教育信息网	02787362766	9459999	94664486542698946949264
中国教育在线	01062603583	945999	946644865426989249426
中国考研网	4006965589	94599	946644865269269264
中国联通	10010	9458	9466448654268664
中国零食网	4006000404	94579	9466448654647449264
中国旅馆网	057156778840	94549	946644865848269264
中国旅行社总社	4008116666	9459797	946644865894647439664743
腾讯手机游戏	075561619966	897599	836498674685496894
微信（Wechat）	075561369988	999328	934946932428
腾讯魔钻	075561619966	8969	8364986669826
拍拍	075583762288	77	724724
腾讯QQ空间	075583763333	897755	83649867756645426
朋友网	075583763333	799	73649689264
QQ会员	075583763333	7749	774849826
QQ音乐	075583763333	7799	77946983
QQ秀	075583763333	779	77948
QQ返利	075583763333	7735	7732654
QQ号码安全	075583765566	774627	7742662267826
腾讯游戏	075586013666	8999	836498696894
地下城与勇士	075586013666	392997	3494224364989664744
穿越火线	075586013666	2949	248269834869426
英雄联盟	075586013666	9956	94649466454266364
QQ三国	075586013666	7774	77726486
寻仙	075586013666	99	9869426
QQ幻想	075586013666	7749	77482694264
QQ西游	075586013666	7799	7794968
七雄争霸	075586013666	7992	74946649436422
QQ炫舞	075586013666	7799	77982698
QQ宠物	075586013666	7729	772466498
QQ飞车	075586013666	7732	77334243
逆战	075586013666	69	649426
QQ音速	075586013666	7797	7794678
战地	075586013666	93	942634
财付通	075586013860	238	224388664
腾讯软件	075586060836	8975	836498678265426
QQ邮箱	075586060836	7799	7796894264
foxmail	075586060836	3	3696245
QQ网络硬盘	075586060836	779597	7792645869464726
腾讯QQ	075586060836	8977	836498677
腾讯TM	075586060836	8986	836498686
腾讯QQ群	075586060836	89777	836498677786
腾讯电脑管家	075586060836	893645	836498634266264826542
QQ拼音	075586060836	7779	77746946
QQ浏览器	075586060836	77557	7754852674
QQ团购	4001100100	7784	778826468
QQ商城	4007000808	7772	777426424364
渣打银行	8008208088	9394	942329464264
长沙银行	96511	2794	242647429464264
浙商银行	95527	9794	943742649464264
招商银行私人银行	4006695555	97947794	9426742649464264747369464264
招行钻石贵宾	4006895555	949742	942642649826744484246
报时电话	12117	2734	2267443426482
全国森林防火报警	12119	74753425	782648673654632644862265464
强劲五金工具有限公司	4008301980	7595459947	742645464985464664589689426466474
全国高速公路救援	12122	74474559	7826486426784664585489826
电信用户申诉	12300	399477	3426946966448743678
奥运公益咨询	12308	294999	2698646649494986
机构编制举报	12310	542952	54468242694458226
新华社新闻热线	12311	9479979	946482743946936739426
知识产权投诉举报	12312	97278752	944744242678268687858226
消费者投诉	12315	93987	942633494386878
农业公益服务	12316	694939	6664934664943898
文化市场举报	12318	947252	9364827442426458226
建设事业公益服务	12319	57794939	5426743744934664943898
公共卫生公益	12320	449749	4664466493474364466494
垃圾邮件投诉举报	12321	55958752	525496854268687858226
劳动保障公益服务	12333	53294939	5263664226942644664943898
中国企业境外商务投诉	12335	9479597987	9466448674935464924742649886878
妇女维权公益	12338	369749	38689347826466494
市长热线	12345	7979	74494264739426
法律服务	12348	3539	32583898
职工维权	12351	9497	94446649347826
青少年维权和心理咨询	12355	7769749599	7464742664269347826439465494986
物价监督检查	12358	955352	985425426385426242
儿童少年慈善募捐	12361	38762765	37866474266426247426685826
防伪查询	12365	3929	3264934242986
税务系统	12366	7998	748498948664
环保投诉举报	12369	428752	48262268687858226
组织系统举报	12380	999852	9894494866458226
水上遇险搜救报警	12395	77997525	7484742649894267685482265464
电力投诉举报	12398	358752	3426548687858226
永安财产保险	95502	922229	96642622424262269426
天安保险	95505	8229	8426262269426
华泰财产保险	95509	482229	48282422424262269426
合众人寿保险	95515	497729	439466473674682269426
华安财产保险	95556	422229	4822622424262269426
招商银行信用卡	4008205555	9794995	9426742649464264946966452
中华联合财产保险公司	95585	9454222947	9466448254264322424262269426466474
都邦财产保险	95586	322229	368226422424262269426
中国大地财产保险	95590	94332229	94664486323422424262269426
中国人民健康保险	95591	94765529	94664486736646542652642269426
民生人寿保险	95596	677729	6467436473674682269426
招商银行金葵花	4008895555	9794554	9426742649464264546584482
招行企业年金服务	8008308855	94796539	94264264749364265463898
运通中港物流	076981156999	989495	986866494664426498548
招商证券股份有限公司	95565	9797439947	942674264943647826483369689426466474
天津出租车	02296880	85292	842654624898243
重庆出租车	02396096	27292	24664746424898243
东莞出租车	076923102345	34292	3664482624898243
石家庄出租车	03113622882	759292	74454294826424898243
郑州出租车	037168881188	99292	94364946824898243
武汉出租车	02766667777	94292	9842624898243
长沙出租车	073183848460	27292	2426474224898243
长春出租车	043188937677	22292	24264248624898243
济南出租车	053196576	56292	5462624898243
青岛出租车	053286661661	73292	746432624898243
西安出租车	02996716	92292	942624898243
太原出租车	03513031188	89292	824982624898243
乌鲁木齐出租车	09916887081	9567292	9858687424898243
神州租车	4006166666	7992	7436946898243
一嗨租车	4008886608	9492	9442498243
至尊租车	4006788588	9992	94498698243
哈尔滨出租车	045155531555	432292	423724624898243
阜阳出租车	05582253113	39292	38926424898243
芜湖出租车	05533111111	94292	984824898243
马鞍山出租车	05552326799	627292	6226742624898243
六安出租车	05643213281	52292	5482624898243
安庆出租车	05565535290	27292	26746424898243
淮南出租车	05542196333	46292	482462624898243
黄山出租车	05592512027	47292	48264742624898243
亳州出租车	05582017350	29292	26946824898243
福州出租车	0756968968	39292	38946824898243
莆田出租车	05945396225	78292	78842624898243
三明出租车	05988222482	76292	726646424898243
漳州出租车	05962054888	99292	94264946824898243
龙岩出租车	05972299110	59292	566492624898243
兰州出租车	09318105841	59292	526946824898243
酒泉出租车	093723012345	57292	548782624898243
白银出租车	09438268415	29292	22494624898243
武威出租车	09356122100	99292	9893424898243
天水出租车	09388213531	87292	8426748424898243
定西出租车	09328218266	39292	34649424898243
陇南出租车	09338718333	56292	566462624898243
珠海出租车	075612580	94292	94842424898243
汕头出租车	075488239988	78292	742686824898243
韶关出租车	07518222999	74292	7426482624898243
惠州出租车	0752965168	49292	484946824898243
梅州出租车	07532332333	69292	634946824898243
肇庆出租车	07582700400	97292	9426746424898243
柳州出租车	07725134000	59292	548946824898243
桂林出租车	07735850889	45292	48454624898243
百色出租车	07762881058	27292	2247324898243
北海出租车	07793037467	24292	23442424898243
梧州出租车	07742838233	99292	98946824898243
钦州出租车	07772848822	79292	746946824898243
贺州出租车	07745201111	49292	43946824898243
贵港出租车	07753339006	44292	484426424898243
贵阳出租车	08515287711	49292	484926424898243
安顺出租车	08533222576	27292	26748624898243
唐山出租车	0315223082	87292	8264742624898243
秦皇岛出租车	033536241	743292	7464826432624898243
保定出租车	03123037657	23292	226346424898243
张家口出租车	03138188733	955292	9426454256824898243
沧州出租车	03172073666	29292	2264946824898243
邢台出租车	03193228815	98292	946482424898243
承德出租车	03142082937	23292	243643324898243
廊坊出租车	03162038888	53292	5264326424898243
衡水出租车	03182999110	47292	4364748424898243
洛阳出租车	03799610033	59292	586926424898243
开封出租车	03785511110	53292	524336424898243
安阳出租车	03725913699	29292	26926424898243
三门峡出租车	03982890333	769292	72663694224898243
新乡出租车	03735016600	99292	9469426424898243
许昌出租车	03745160000	92292	982426424898243
南阳出租车	037767776700	69292	626926424898243
商丘出租车	03702695033	77292	7426474824898243
周口出租车	03948589929	95292	946856824898243
大兴安岭出租车	04576999999	3925292	32946426546424898243
宜昌出租车	07176351100	92292	942426424898243
黄石出租车	07146526565	47292	4826474424898243
十堰出租车	07198520000	79292	74492624898243
襄樊出租车	07103275666	93292	9426432624898243
荆州出租车	07168523555	59292	5464946824898243
株洲出租车	07176351100	99292	948946824898243
岳阳出租车	07308620482	99292	983926424898243
湘潭出租车	073158522777	98292	9426482624898243
张家界出租车	07448262673	955292	9426454254324898243
邵阳出租车	07395227888	79292	7426926424898243
永州出租车	07468339398	99292	9664946824898243
吉林出租车	043262017694	55292	5454624898243
无锡出租车	051088008800	99292	989424898243
苏州出租车	051267776777	79292	78946824898243
昆山出租车	051296889699	57292	586742624898243
常州出租车	051996196	29292	24264946824898243
徐州出租车	051680101100	99292	98946824898243
南通出租车	051385656000	68292	626866424898243
盐城出租车	051588159110	92292	9262436424898243
泰州出租车	052380912580	89292	824946824898243
南昌出租车	07917117777	62292	6262426424898243
九江出租车	079286289999	55292	5485426424898243
新余出租车	07906444999	99292	9469824898243
呼和浩特出租车	04718936669	4448292	48434268324898243
银川出租车	09515056601	92292	9462482624898243
西宁出租车	09716150924	96292	94646424898243
广元出租车	08393560108	49292	48264982624898243
泸州出租车	08303101220	59292	58946824898243
巴中出租车	08275280805	29292	229466424898243
德阳出租车	08382534000	39292	33926424898243
眉山出租车	083338107917	67292	634742624898243
遂宁出租车	08252645715	76292	784646424898243
内江出租车	083296515	65292	6345426424898243
德州出租车	05342616169	39292	33946824898243
淄博出租车	053339883190	92292	942624898243
大同出租车	03525025588	38292	32866424898243
朔州出租车	03492098000	79292	7486946824898243
吐鲁番出租车	09958522319	853292	885832624898243
拉萨出租车	08916826334	57292	527224898243
绍兴出租车	057585333333	79292	7426946424898243
舟山出租车	05808100100	97292	9468742624898243
台州出租车	057696550	89292	824946824898243
衢州出租车	057087551111	79292	78946824898243
富士通科技	4008208387	37855	3874486645354
索爱播放器	02036880506	72237	7862426326474
奥特莱斯	4000282400	2857	268352474
五星电器	4008286666	9937	989464342674
宜家家居	4008002345	9555	9454254258
桔子酒店	4008190099	5953	58945483426
24K酒店	4008886119	553	55483426
喜达屋酒店	4008688688	93953	9432985483426
维也纳酒店	4008882888	99653	93493625483426
城市客栈酒店	4006309996	275953	243647445394265483426
岭南佳园酒店	4008308331	565953	546462654298265483426
香格里拉酒店	4001205900	945553	942644354525483426
万豪酒店	4001327900	9453	9264265483426
莫泰168连锁酒店	4008207168	685753	6682454267865483426
宜必思连锁酒店	4006001615	9275753	94247454267865483426
安逸158连锁酒店	4006028158	295753	269454267865483426
尚客优酒店	4006456999	75953	74264539685483426
格林豪泰连锁酒店	4006998998	45485753	4354642682454267865483426
益汁擂茶	4000000448	9952	94944534242
川霸王	4000000788	229	24826229264
小草莓台湾涮涮锅	4000000810	92689774	94262266348249267482674826486
巫山烤全鱼	4000000868	97579	987426526782698
卡米鲜饮	4000002206	5699	52649426946
多尔根热狗	4000003688	33474	3863743673468
功德居	4000005274	435	46643358
肯美特快餐	4000006979	56852	536634835824226
润万家会馆新美食主义主题餐厅	4000009878	79544967999828	786926542484482694663474494894948842268464
珠江华侨农场酒楼	4000012833	95476255	948542644827426666424264548568
六帮小馆	4000016161	5294	548226494264826
寻味主厨	4000031711	9992	986934948248
DivinaCakes	4000041128	3	34846222537
金家佬卤肉饭鸡腿饭大王	4000044517	55557358339	5465425265876832654884326329264
上河帮连锁川菜文化餐厅	4000051516	74257229428	742644322645426786248262249364822268464
尼克寿司工坊	4000051698	657743	645374687446643264
味道工坊	4000051757	9343	93432646643264
饭田屋日式便当	4000061366	3897723	3268426987474424263264
乐番外卖	4000077217	5396	53326924624
香港洪福记	4000082060	94435	94264426446643854
鱼炭烧特色烤鱼餐厅	4000086517	987875928	9882674268373526982268464
金枝蟹苑	4000098000	5999	5469449439826
热狗时代	4000153158	7473	73468744324
玲蓉干锅	4000179706	5744	54647664426486
阿郎阿宝	4000189897	2522	252642226
天野草莓	4000222021	8926	842693226634
味享道百姓食府	4000225995	9932973	93494264326224946474438
美丽贵族美食饮品	4000230228	65496797	6345448498634744946746
SPENCER主题吧	4000251797	7736237982	77362379488422
古港餐饮	4000266981	4429	484264226946
烈火印记	4000283383	5495	54348694654
廖记棒棒鸡	4000285757	55225	5426542264226454
Olove Cake 奥莉薇蛋糕创意工坊	4000297886	6583225259342943	65683225326549343264262482649446643264
Vcake蛋糕	4000299797	82534	82253326426
COCO西餐	4000315588	262692	262694226
唯尚烘焙	4000333617	9742	934742644664234
东来顺食府	4000352115	35773	3664524748674438
粥面故事	4000365777	9647	9468642648744
克里麦思	4000400628	5567	535462474
惠百客	4000414899	425	48422453
吉乐福	4000414924	553	545338
石记新疆烤串	4000450789	759552	744549465426452624826
咏悦汇	4000500591	994	9664983484
苏州阳澄湖大闸蟹专营店	4000512011	79924399993	78946892642436448329429439482694643426
511新派餐厅	4000517511	9728	9467242268464
E角披萨	4000517537	3577	354267472
悠士比萨	4000517537	9727	9687442472
程岭黑猪肉	4000551343	25497	243645464434948768
饷艳名流生活会馆	4000553899	99657444	942649266464548743644864844826
创食人黑鸭	4000567888	27749	24826474473643492
佳食纷美食广场	4000571995	5736742	5427443366347444826424264
满江汇港式茶餐厅	4000573577	65447228	6265426448442647442422268464
三记生煎	4000574979	7575	72654743645426
香松酒窖	4000577779	9755	9426476645485426
泰村鲍翅	4000579787	8222	824286226244
阿瓦山寨	4000588717	2979	29274269424
味来味	4000601233	959	934524934
七频道餐厅	4000616007	77328	747463262268464
Block Drink奶茶店	4000660091	252376623	25625374656242423426
古都台南台湾美食主题餐厅	4000662822	438689679828	4838824626824926634744948842268464
伍肴柒雅餐饮	4000668010	997929	989267492226946
食神锅奉行	4000669799	77439	744743648633649464
OHAYO	4000677527	6	64296
大熊快餐外送	4000680700	395297	329466458242269247664
咔啦赛	4000713714	557	5252724
阿布丁丁	4000716888	2233	22834643464
回归自然原生态餐饮	4000731528	449797829	48448494726982674364824226946
最高鸡密	4000770822	9456	9844265464
炭路者	4000779097	859	82658943
尚滋味麻辣小龙虾	4000801223	79965959	7426494934625294265664942
锅蒸馍	4000805189	496	4869436466
随和家宴堂	4000806660	74598	784435429268264
德克士	4000807877	357	3353744
优鲜果园	4000820072	9949	96894264869826
卤中仙熟食	4000858208	59977	58946649426748744
维情婚姻家庭咨询处	4000867120	974958992	9347464486946542846494986248
澳门葡挞	4000868188	2678	266367882
汤姆小屋	4000868767	8699	826468942698
蜜酷	4000868910	65	6458
米芝莲	4000883135	695	649445426
快打包	4000887785	532	582432226
真厨意	4000888527	929	943624894
尚滋味小龙虾大闸蟹	4000890521	799959399	74264949349426566494232942943
Vi Cake	4000900517	8	842253
51优格	4000906680	94	96843
徐羅锅煎包	4000907007	95452	985864865426226
快餐道美食商城	4000939499	5236772	58242263266347447426424364
ZM意大利比萨	4000980899	9693527	969432542472
串串叔叔	4000991331	2277	2482624826748748
伽力森鸡汤简餐	4001000117	5575852	542547365482645426226
步步高大酒楼	4001000177	224355	282842632548568
辛香汇	4001001717	994	94694264484
越秀概念餐厅	4001017770	994628	98394842464262268464
这家小馆	4001044088	9594	94354294264826
爱得蛋糕	4001080365	2334	2433326426
苏浙汇	4001081717	794	78943484
85度C	4001085085	32	382
学酷休闲餐吧	4001100930	959922	98358948942622622
日出茶太	4001101078	7228	74248242824
元祖食品	4001103737	9977	982698744746
蟹满香	4001111727	969	94362694264
人山人海国际美食会	4001112788	777445674	736742673642448654634744484
香滨左岸	4001118755	9292	9426424698626
NET味道	4001161717	63893	638934326
船料理餐厅	4001171176	25528	248265426542268464
东瀛一休烧	4001175917	39997	36649464949487426
良品铺子	4001177517	5779	542647467894
海上宫妈祖阁	4001186868	474694	424742644664629843
龙袍蟹黄汤包	4001618778	579482	5664726943482648264226
周黑鸭	4001717917	949	946843492
精品海鲜自助餐	4001851850	5749992	5464746424942694948226
大喜来蛋糕店	4001867878	395343	32945243264263426
卡淇乐	4001877117	575	527453
外滩私房菜	4001880733	98732	924826743264224
瓦罐营养快餐	4001881758	949952	924826946492645824226
千上锅物	4001896789	7749	74267426448698
得味酱板鸭	4001897798	39529	339345426422692
零下十八度量贩家庭美食	4006001277	59723535867	54649427442238542643265428464634744
百特喜意式餐厅	4006001775	2899728	2248394947442268464
百特喜意式休闲餐厅	4006001775	289979928	22483949474494894262268464
谷果百味	4006002440	4429	48486224934
金水湾餐吧	4006003721	57922	546748492622622
鹅谷	4006003721	34	348
幸福李玉米汁	4006005764	935969	946438549864944
红状元粥店	4006007000	49993	4664948264982694683426
朋朋烘焙体验馆	4006007668	7742894	736473644664234849264826
乐活时光现磨有机豆浆店	4006007974	54749695353	534867444826494266696854368542643426
乐活氏鲜切水果餐	4006009260	54797742	5348674494267437484486226
地球餐厅外带	4006010333	372893	347482268464924324
蝶恋鲜花蛋糕	4006010883	359434	34354269426482326426
乙十六	4006011616	975	94744548
YUM有米	4006012458	98696	98696864
巴适成都名吃	4006012787	272362	2274424364386464244
梵西鲜果	4006024000	3994	326949426486
多福甜品	4006028377	3387	386388426746
零食诱惑	4006051040	5794	5464744968486
麦肯基	4006051668	655	62453654
杨国福麻辣烫	4006058777	943658	92644863862528264
黑天鹅蛋糕	4006065777	48334	43484263326426
紫金新城	4006066969	9592	9454694624364
吃喝漂渡	4006067285	2473	24443742638
虾捞哺涮涮锅	4006078780	952774	942526287482674826486
开鑫捞	4006080108	595	524946526
麦吉客	4006089870	655	6245453
私厨农庄	4006101717	7269	742486664948264
悠悠尚品雨燕舫	4006105857	9977993	96896874264746989263264
胜利京味烧烤炒菜馆	4006107017	755975224	74364545464934742652624262244826
品客汇	4006110022	754	74653484
VQ鲜榨果汁吧	4006111339	8799492	87942694248694422
易缇	4006117600	98	9484
欧艾姆比萨与西点	4006119157	62627993	682468247298943426
九兴里经典本帮餐厅	4006119971	595532228	5489464545464342623622642268464
七欣天迷宗蟹	4006127778	798699	749468426649664943
乡土风味私房菜	4006141424	9839732	94264883364934743264224
69城京味家常	4006157008	25952	24364546493454224264
圣西琳	4006160259	795	7436494546
百年纯味	4006160731	2629	22464262486934
万盛国际大酒店中餐厅	4006161616	9745353928	9267436448654325483426946642268464
汕头沙茶牛肉汤粉快餐店	4006166555	78726783523	7426868742242648768826433658242263426
营旺君云吞世家	4006166555	9959875	94649264586986886744542
和乐美港式粥点坊	4006167500	45647933	43536344264744946834263264
湘厨	4006177177	92	94264248
味道山城鱼庄	4006177177	937299	93432674262436498948264
零玖零美食会所	4006177177	5556747	54645485464634744484786
五重天火锅	4006177177	92844	98246648426486486
永和豆浆	4006177177	9435	96644336854264
吉祥馄饨·面	4006180088	59486	54942644868866426
御喜玛	4006182667	996	989462
城市部落酒店公寓烧烤	4006186388	2725534975	243647442858654834264664987426526
城市部落酒店公寓中餐厅	4006186388	27255349928	24364744285865483426466498946642268464
香港粗菜馆哈密店	4006206681	94224463	94264426428224482642643426
金木川浦东店	4006208801	562733	54668248267836643426
FANOS COFFEE	4006222579	3	32667263333
美国加州牛肉面大王	4006262269	645967639	63448654294686487686426329264
E百会商务会所	4006275665	3247947	32244847426498484786
咖佰莉	4006278782	525	5222454
独秀馒头	4006278881	3968	38948626868
百草益寿养生苑	4006279988	2297979	2242269474689264743649826
特武西魔法美食	4006281788	8996367	8398946632634744
卓展天天酒店豪华阁西餐厅	4006281999	998853444928	9486942684268426548342642648243942268464
乐天酒店中餐厅	4006281999	5853928	5384265483426946642268464
海棠餐厅	4006303037	4828	42482642268464
天澄阳澄湖蟹业养殖基地	4006305158	82924999953	842624364926424364489439392649445434
708090零食外卖	4006307090	5796	5464744924624
久久丫鸭颈王	4006307090	559959	548548929254649264
KingCaking	4006321021	5	5464225464
冰戈	4006331628	24	246443
西村叔叔的店	4006336997	927733	94286748748333426
仙果缘甜品店	4006336997	949873	9426486982684267463426
外婆九味鸭	4006360958	97599	9247654893492
花神街	4006363565	475	4827436543
盛世牛排	4006366517	7767	74364744648724
三爱酒店	4006368686	7253	726245483426
重庆瓦香煲火锅	4006381917	2799244	2466474649294264226486486
华藏界文化会馆	4006388993	4959444	48292645439364824844826
赛格电脑城美食广场	4006392369	743626742	724433426626243646347444826424264
德克士万城店	4006500126	357923	3353744926243643426
新岛法式铁板烧	4006500520	9337827	946326327448432267426
百川山庄	4006501885	2279	224248267426948264
廿一客	4006502121	695	64269453
豆号鲜磨豆浆	4006503620	349635	36842694266636854264
味多美	4006505551	936	934386634
哆唻咪饭	4006517123	3563	38652464326
兴记老妈兔头	4006517317	955688	9464545266288868
美味帕斯塔	4006517510	69778	634934727482
N多寿司	4006536036	6377	6386746874
豪门吉品鲍府	4006536789	465723	4266365474622638
悠可蛋糕	4006561797	9534	96853326426
热先生	4006571500	797	73942674364
玛加朵面包	4006572468	65362	625423866426226
好煮夫商务快餐	4006585917	4937952	4269483874264985824226
安德莉亚	4006591616	2359	26335492
飞鹏水饺	4006591749	3775	334736474845426
三国雁火锅	4006597165	74944	726486926486486
金巴斯牛排休闲牛排西餐厅	4006602028	527679967928	54622746487249489426648724942268464
心达巧克力	4006603238	93755	9463274265354
川杭人家	4006605757	2475	248264264736542
YUMMY BOX PIZZA	4006608096	9	9866926974992
壹品村老鸡浓汤	4006608517	9725568	947462865265466648264
拾味馆	4006615100	794	7449344826
豪客来	4006618678	455	42653524
京味福	4006627886	593	546493438
科力淮扬村	4006655492	55492	535448249264286
欧可海鲜酒楼	4006659085	654955	68534249426548568
Sweet2home	4006660151	79338466	793384663
滋美卤肉卷	4006660869	96575	94634587685826
湘怡人餐厅	4006661048	99728	94264947362268464
彰德酒店海鲜自助餐厅	4006662211	9353499928	942643354834264249426949482268464
酒坛子饭桶	4006665034	58938	548826943268664
一点味	4006666517	939	943426934
南澳酒店	4006667722	6253	626265483426
乐膳特色龙虾店	4006669257	5787593	537426837356649423426
汇通建国宾馆卡曼德罗西餐厅	4006669911	4854245635928	4848664542648624648265262633586942268464
外乐送	4006671717	957	924537664
味妙烤鱼吧	4006677367	96592	93464265269822
渝香乐	4006677752	995	989426453
比萨披萨	4006678679	2777	24727472
滩景餐厅	4006702029	8528	82654642268464
我爱午餐	4006705257	9292	962498226
海上品狮子头大王	4006705757	47779839	4247426474674494868329264
大爱手工巧克力DIY	4006713556	3274755349	32247468466474265354349
斯诺客	4006728277	765	7468653
蜜菓茶饮料	4006728890	64295	644862429465426
缇客蛋糕	4006750806	8534	8453326426
吉阿婆麻辣烫	4006752829	527658	5427662528264
爱豆饭饭	4006756566	2333	24368326326
万家牛家庭牛排	4006761229	9565867	9265426485428464648724
66street蛋糕坊	4006765668	7738343	7873383264263264
多米诺豆花甜品站	4006771213	36634879	3866468636848284267469426
广翰小厨	4006775917	4492	482644269426248
派克汉堡	4006776658	7542	72453426226
23cake	4006782323	25	2253
致庸食府	4006782770	9973	944966474438
兆丰潮菜馆	4006783196	93224	9426336424262244826
50kepapa Candy Artisans	4006789050	57722327877	5372722263927847267
Vcake	4006789527	8	82253
味食尚老汤砂锅	4006806206	9775874	934744742645268264742486
duke娱乐派对	4006821105	359573	38539853724384
惠美宅急送	4006827827	46957	4846349424547664
A面B面	4006868186	2626	2642626426
雄楚国际大酒店自助餐厅	4006869999	92453539928	9466424848654325483426949482268464
哈萨里比萨	4006885777	47527	4272542472
棒棒鲜浓汤麻辣烫	4006886557	22968658	2264226494266664826462528264
三顺の蛋糕	4006903636	7734	7267486326426
美食王	4006905917	679	6347449264
诚成巫山烤全鱼	4006907977	2297579	2436424364987426526782698
十二篮子外送	4006961022	735997	74437526949247664
雨村便当	4006987999	9223	9828624263264
乐百味	4006991118	529	53224934
品尚乐便捷餐厅	4006996907	7752528	746742645324265432268464
御豪汤山温泉国际酒店中餐厅	4006998866	9487974553928	98426826474269367826486545483426946642268464
嘉和一品粥	4007001008	54979	54243947469468
好利来蛋糕店	4007001399	455343	426545243264263426
芭诺客意大利冰淇淋	4007001558	265935275	2268653943254246474546
容先生夫妻肺片	4007002585	7973737	766494267436438743347426
快易派	4007002597	597	582494724
老北京九味卷	4007060299	525595	52623454645489345826
牛魔王拉面	4007062588	66956	648669264526426
珍满福	4007062588	963	943662638
新食缘	4007066800	979	9467449826
爱魅蛋糕	4007068016	2634	24634326426
榕树下休闲餐厅	4007100510	7799928	766474894294894262268464
周茉食品商行	4007105700	967774	946866744746742644264
新晴小阁小资餐厅	4007117711	97949928	94674649426439426942268464
湖州大厦宴会厅	4007161988	4937948	489468327429264848464
比帝思快餐	4007173030	23752	2434745824226
欧萨克	4007201577	675	687253
登煌拉面	4007205757	3456	336448264526426
大椰东南亚美食	4007272888	3936967	3293366462692634744
TT517	4007517517	88	88
董大师金牌稻香蛙	4007766567	33757399	3664327445467243269426492
湾仔岛	4007778178	993	926924326
安娜饮品	4007778645	2697	2662946746
巴贝拉意式休闲餐厅	4007787878	225979928	22234529474494894262268464
水当当	4007799227	733	748432643264
大丰收鱼庄	4007799799	33799	323364746898948264
壹极良品零食速递	4007891717	95575773	94545426474654647447834
瑞美尔特面包房	4007991177	7638623	784634378364262263264
宜家餐厅	4008002345	9528	945422268464
尚9美食美酒汇	4008003939	767654	74264634744634548484
陶膳居	4008005917	875	826742658
原味楼精品菜会所	4008007797	99557247	98269345685464746224484786
托马斯汉堡	4008008818	86742	8866274426226
兴华素食坊	4008080516	94773	9464482787443264
厨娘.CN	4008090678	2626	2486426426
每味每客复合式麻辣烫	4008096013	6965347658	63493463453384374462528264
江畔私房菜	4008101806	57732	54264726743264224
棒约翰比萨	4008107272	29427	22649834262472
品奇比萨	4008113113	7727	746742472
阿瓦山寨风情食街	4008114114	29793775	2927426942433647464744543
春田花花网上零食店	4008119400	284497573	2486842648248292647426454647443426
麻辣多辣鸭脖子外送	4008128580	653592997	6252386529226949247664
瑞新蛋糕	4008160170	7934	784946326426
吉野家	4008197197	595	5493542
墨可思	4008201336	657	665374
比萨小子	4008202727	2799	2472942694
爱诗美食	4008202817	2767	24744634744
亿美客披萨	4008205397	96577	94634537472
客满多烤鸡店	4008206362	563553	53626386526543426
真精彩	4008207009	952	94365464224
东嘉铺子	4008208291	3579	36645427894
上海小南国	4008209777	74964	742644249426626486
咔萨音乐休闲餐厅	4008210219	57999928	527294698394894262268464
缇客	4008210806	85	8453
kiwi冰激凌	4008262589	5255	54942464545464
波拉波拉	4008266836	2525	26522652
江南小厨	4008267267	5692	542646269426248
战锅策	4008282868	942	942648623
饿的神	4008317417	337	3337436
厨房大师	4008328328	2337	248326432744
披萨到	4008758758	773	7472326
丽华快餐	4008800400	5452	544825824226
醉茶香茶餐厅	4008800448	929228	984242942642422268464
巴蜀红门·哇哇叫	4008800532	2746995	22748466463692925426
十月旺大闸蟹	4008801797	799399	744983926432942943
上海实旺实业有限公司	4008801797	7479799947	742644247449264744939689426466474
汤姆大叔	4008802855	8637	82646832748
鲜美汇N多火锅+涮肉	4008808044	964634477	9426634484638648648674826768
码头人家	4008809488	6875	62868736542
伦敦派	4008815256	537	586386724
来伊份	4008819777	593	52494336
万岁龙虾主题餐厅	4008820811	97599828	9267845664942948842268464
美心西饼	4008822280	6992	634946942464
LBB手工现造	4008822848	5227499	522746846649426926
达美乐比萨	4008825252	36527	32634532472
小南国大味来	4008827517	964395	942662648632934524
德保休闲餐厅	4008831333	329928	3322694894262268464
周记饕之家	4008833368	95895	946854826944542
云中宾馆餐厅	4008838183	992428	9869466424648262268464
多纳达	4008862727	363	3866232
Qseven 酷趣饮品连锁店	4008871033	77835797573	773836587894674654267863426
味彩	4008871911	92	934224
90°炭烧咖啡小站	4008878990	875399	82674265233494269426
望天门大酒店	4008879553	986353	92648426636325483426
597素餐厅	4008880597	728	782268464
欧风食趣奶酪匹萨	4008881372	63776577	683364744786245267472
廖排骨	4008882128	574	542672448
珍食惠	4008882676	974	9436744484
牛状元	4008882980	699	6489482649826
我爱蛋糕坊	4008885610	92343	96243264263264
千真粥	4008885977	799	742694369468
紫燕百味鸡	4008886517	99295	9492622493454
棒约翰	4008887272	294	2264983426
西树工房	4008892828	9743	9474846643264
贝儿多爸爸泡芙工房	4008892828	233227343	2343738622227263846643264
深井大叔港式烧腊	4008895177	75374775	74365464327484264744742652
则卷千兵卫	4008986675	95729	93582674262464934
红陕北食府	4008998000	47273	4664742623474438
维尔纳斯蛋糕	4008998598	936734	934376274326426
虾皇	4009958577	94	94248264
秦老三羊肉馆	4009986996	757974	74652672692647684826
必客乐	8006202200	255	245353
江湖翅客	8008011889	5425	542644824453
优之良品	8008100681	9957	96894454264746
凯丝恩贝	8008101625	5732	5247436234
河北饭店57号厨坊	8008202468	4233423	4323432634264262483264
百味林	8008203001	295	224934546
苏拉拉拉	8008203757	7555	78525252
私房小厨	8008203793	7392	7432649426248
温州鱼丸店	8008209777	99993	9369468989263426
金陵明都大饭店中餐厅	8008286789	5563333928	54654646464368323263426946642268464
洋葱牛肉面馆	8008289598	926764	9264266464876864264826
满记甜品	8008289598	6587	626548426746
潢堂轩	8008571237	489	4826482649826
麦悠手工擀面	8008571237	697446	624968746846644266426
致中和龟苓膏	8008571469	994454	94494664434845464426
西子厅	8008571588	998	94948464
快乐柠檬	8009880153	5566	58245364646364
汉拿山	4006661198	467	426627426
全聚德	4007001864	753	78265833
呷哺呷哺	01060265888	9292	9422894228
海底捞	01059066000	435	42434526
爱尚飞国际机票网	4006085188	27345579	2474264334486545474269264
平安电话车险	4008000000	723429	74642634264822439426
太平洋电话车险	4006595500	8793429	8247464926434264822439426
启拓集团（中国）有限公司	4001818126	7858949947	74886548826946644869689426466474
珍品网	4000096666	979	94367469264
50PK游戏平台	4006825022	759978	75968947464824
阳光电话车险	4000000000	943429	92644826434264822439426
中国人寿电话车险	4008007007	94773429	94664486736746834264822439426
我爱我家房产	4008515515	929532	96249654232642426
牛力机械制造有限公司	4008832368	6559999947	64854549439449269689426466474
伊利乳业	4008169999	9579	94547893
豪瑞斯气动工具	075529882990	4777345	42678474743664466458
搜贷网	4000807855	739	7683249264
深圳市卫通达电子有限公司	4006701755	797983399947	743694367449348664323426949689426466474
秘奥软件	4006900350	6275	642678265426
兰赛普	4006809931	577	52672478
美加（Mega）	075589506795	65634	6345426342
翼支付-中国电信手机支付官方网站	4008011888	993943975934399	9494438946644863426946746854944384826326492649426
婷美化妆品	4008301098	86497	8464634482948264746
会唐网	4007796266	489	48482649264
商用地产网	057188330771	79329	7426496643424269264
阿克苏温宿机场	09972123592	2579752	25378936785424264
阿勒泰机场	09062826113	25852	2538245424264
安康五里铺机场	09153511998	2595752	2652649854785424264
安庆机场	05565513973	2752	2674645424264
安顺机场	08533383000	2752	2674865424264
澳门国际机场	0085328861111	264552	26636486545424264
百色机场	07763233666	2752	224735424264
包头机场	04724600717	2852	2268685424264
北海福城机场	07793033757	243252	23442438243645424264
北京南苑机场	01067978899	256952	234546462698265424264
北京首都国际机场	01096158	25734552	2345464746838486545424264
长春龙嘉机场	043188797777	225552	24264248656645425424264
长沙黄花国际机场	073196777	27444552	2426474248264482486545424264
长治王村机场	03552176469	299252	2426494492642865424264
常德桃花机场	07367705000	238452	24264338264825424264
常州奔牛机场	051983256259	292652	2426494682366485424264
朝阳机场	04212615965	2952	242692645424264
成都双流国际机场	02885205555	23754552	2436438748264548486545424264
赤峰土城子机场	04718333956	2382952	24433648824364945424264
大理机场	08722428915	3552	32545424264
大连周水子机场	041196600	3597952	32542694687484945424264
大同机场	03517286462	3852	3286645424264
迪庆机场	08878229916	3752	3474645424264
鄂尔多斯伊金霍洛机场	04778901000	3337954552	33738674945464865865424264
恩施许家坪机场	07188410753	3795752	367449854274645424264
福州长乐国际机场	059196363	39254552	3894682426453486545424264
阜阳西关机场	05582282767	399452	3892649448265424264
赣州黄金机场	07978235555	494552	4269468482645465424264
格尔木机场	09718888888	43652	4337685424264
广州白云国际机场	02036066999	49294552	482649468224986486545424264
贵阳龙洞堡机场	085196967	4953252	4849264566436642265424264
桂林两江国际机场	07732845359	45554552	4845465426454264486545424264
哈尔滨太平国际机场	045182894220	432874552	42372468247464486545424264
海口美兰国际机场	089865760114	45654552	424568634526486545424264
海拉尔东山机场	04708271114	4533752	4245237366474265424264
邯郸机场	03102119788	4352	4263265424264
汉中西关机场	09162255949	499452	426946649448265424264
杭州萧山机场	057186662404	499752	42649468942674265424264
合肥新桥国际机场	055163777888	43974552	433349467426486545424264
黑河机场	04568222595	4452	434435424264
呼和浩特白塔机场	047196777	44482852	484342683224825424264
黄山屯溪机场	05592934111	478952	482647426886945424264
黄岩路桥机场	057696555	495752	482649265874265424264
济南遥墙国际机场	053196888	56974552	5462692674264486545424264
济宁机场	05376666666	5652	5464645424264
佳木斯东郊机场	04548330148	5673552	5426874366454265424264
嘉峪关机场	09376381114	59452	5429848265424264
揭阳潮汕机场	06633933333	592752	5439264242674265424264
锦州小岭子机场	04165188757	5995952	546946894265464945424264
井冈山机场	07965268060	54752	5464426474265424264
景德镇罗家机场	07988569656	5395552	54643394365865425424264
景洪机场	06912159129	5452	546446645424264
九江庐山机场	07928431811	555752	548542645874265424264
九寨沟黄龙机场	08377243737	5944552	54894244684826456645424264
喀纳斯机场	09062826116	56752	5262745424264
喀什机场	09982922600	5752	527445424264
康定机场	083686352456	5352	526434645424264
克拉玛依机场	09906931287	556952	535262945424264
库车机场	09977134250	5252	582435424264
库尔勒机场	09962364033	53552	5837535424264
昆明长水国际机场	087196566	56274552	5866464242647484486545424264
拉萨贡嘎机场	08916216465	574452	52724664425424264
兰州中川机场	09318168464	599252	526946894664248265424264
黎平机场	08556328004	5752	5474645424264
丽江机场	08885173079	5552	54542645424264
连云港白塔埠机场	051885521666	59428252	5426986426422482285424264
临沂机场	05399600777	5952	546945424264
柳州白莲机场	07723201088	592552	548946822454265424264
洛阳北郊机场	037965399366	592552	586926423454265424264
满洲里西郊机场	04706259988	6959552	6269468549454265424264
芒市机场	06922934651	6752	62647445424264
梅县机场	07532242666	6952	63494265424264
绵阳南郊机场	08166357195	696552	6426926462654265424264
牡丹江海浪机场	04536651666	6354552	683265426442452645424264
南昌昌北机场	079187652114	622252	62624264242642345424264
南充高坪机场	08173317365	624752	6262466442674645424264
南京禄口国际机场	025968890	65554552	626546458568486545424264
南宁吴圩机场	07712095123	669952	626646498985424264
南通兴东机场	051386560050	689352	6268664946436645424264
南阳姜营机场	037763801345	695952	62692645426494645424264
宁波栎社机场	057487427888	625752	646426547435424264
攀枝花机场	08126639125	79452	7269444825424264
齐齐哈尔三家子机场	04522393737	774375952	74744237726542945424264
且末机场	09967622541	7652	743665424264
秦皇岛机场	031196360	74352	746482643265424264
青岛流亭国际机场	053296567	73584552	74643265488464486545424264
庆阳西峰镇机场	09348371629	7993952	7464926494336494365424264
衢州机场	05708018708	7952	7894685424264
泉州晋江机场	059585628988	795552	78269468546542645424264
三亚凤凰国际机场	089888289389	79344552	72692336448264486545424264
上海虹桥国际机场	02196990	74474552	7426442446647426486545424264
上海浦东国际机场	02196990	74734552	74264424783664486545424264
深圳宝安国际机场	075523456789	79224552	7436943622626486545424264
沈阳桃仙机场	02496833	798952	7436926482694265424264
石家庄正定机场	031196360	7599352	7445429482649436434645424264
思茅机场	08792153055	7652	746265424264
太原武宿机场	0351118114	899752	824982698785424264
天津滨海国际机场	02224906363	85244552	8426546246424486545424264
通辽机场	04758501677	8552	866454265424264
铜仁凤凰机场	08515498908	873452	86647363364482645424264
万州机场	02358538035	9952	92694685424264
威海大水泊机场	06315308800	9437752	934424327484765424264
潍坊南苑机场	05368520518	936952	934326462698265424264
温州永强机场	057785805729	999752	93694689664742645424264
乌海机场	047396777	9452	984245424264
乌兰浩特机场	04828682000	954852	98526426835424264
乌鲁木齐地窝铺机场	09913801453	956739752	985868743396785424264
苏南硕放国际机场	051096889788	76734552	7862674863264486545424264
梧州机场	07743833222	9952	9894685424264
武汉天河国际机场	02785819111	94844552	98426842643486545424264
武夷山机场	05995131111	99752	989474265424264
西安咸阳国际机场	02988796997	92994552	942694269264486545424264
西昌机场	08346101737	9252	94242645424264
西宁曹家堡机场	09718133333	9625252	9464642265422265424264
锡林浩特机场	04798200935	954852	94546426835424264
厦门高崎国际机场	059296363	96474552	94263642674486545424264
香港国际机场	0085221818888	944552	942644264486545424264
襄樊刘集机场	07103236737	935552	94264326548545424264
兴义机场	08593195022	9952	9464945424264
徐州观音机场	051683068113	994952	98946848269465424264
烟台莱山机场	05356299666	985752	92682452474265424264
延安二十里铺机场	09112292310	92375752	926263774454785424264
延吉朝阳川机场	04332234433	9529252	9265424269264248265424264
盐城机场	051588888088	9252	926243645424264
扬州泰州机场	051486100323	998952	9264946882494685424264
伊宁机场	09998222332	9652	9464645424264
宜宾菜坝机场	08318102460	922252	94246224225424264
宜昌三峡机场	07176532114	927952	94242647269425424264
银川河东机场	095196111	924352	946248264336645424264
榆林西沙机场	09123883204	959752	98546947425424264
湛江机场	07593255002	9552	9426542645424264
张家界荷花机场	07448238417	9554452	94264542543434825424264
昭通机场	08702830004	9852	942686645424264
郑州新郑机场	037196666	999952	943649468946943645424264
重庆江北机场	023966666	275252	246647464542642345424264
舟山普陀山机场	05806260716	9778752	946874267888674265424264
珠海三灶机场	07567778888	947952	9484247269265424264
中山市平晏电子有限公司	4000989580	97779399947	94664742674474649263426949689426466474
竹知音生态家纺	4006881586	9997853	948944946743648245423264
山西华奥益佰商贸有限公司	03518336391	794292769947	7426944822694224742646269689426466474
瑞祥装饰集团	4006965558	799758	78494264948264744548826
晨鸿传媒集团有限公司	4006583114	2426589947	24364664248266345488269689426466474
美国联合航空公司	8008108282;4008810213	64544547	63448654264342645664466474
凡客VANCL	4006006888;4006507099	3582625	3265382625
胜创科技	4006921112	7255	743642482645354
中国平安	10100000;4008895512;95511	9472	94664486746426
超频三散热器	4008306618;075589312233	277777	24267467267267374
报警电话	120;122;119;110	2534	22654643426482
浦科特	13311167136;020823566802367	758	785383
林频	4000662888;02160509999	57	546746
3M中国	8009881666;8009880135	694	694664486
新科	51988790315;51988791096	95	94653
仙子宜岱	06632355882;4000830898	9993	94269494324
中柏	075583698800;8008307860	92	94664224
康师傅食品	4006185588;4006510022;4006188080	57377	526474438744746
爱可欧科技	075533675425;075533897556	25655	2453685354
杰伟世	4008885820;4000888799	597	543934744
露得清	4008206088;8008206088	537	58337464
标致汽车	4008877108;4008100908	2972	242694474243
华索数码	075533802163;075533802161	4776	48278674862
虎跃快客	02496669;02488574588;02488570388;4001196669;02462661717	4955	48983582453
visa信用卡	108007440027;108004400027	87995	8472946966452
通用电气	8008108188;4008208208;4008211186;4000113788;4008218206	8937	86649664342674
沁园饮用水设备	4000420678;4006722266;4008885263	7999772	746982694696647484743234
人人网	4000803580;400080358021;400080358012;400080358011	779	7367369264
亚马逊Amazon中国	4008105666;862865332666	9692696694	926298626296694664486
奥克斯电器	8009574059;4007000018;4008268268	25737	265374342674
三菱重工	4007003030;4001813030	7594	7265464946644664
雅马哈	8008200040;8008190161	964	926242
喜来健	8008103500;4006103500	955	945245426
金邦科技	075526330801;075526833875	5255	54622645354
公牛插座	4008832388;057463537300	4629	4664648242986
艾普网络	952155;962525	2795	24789264586
南亚易胜	02152586005;075583344383	6997	626929474364
日本山业	02154225928;02087519447	7279	74236742693
海南航空	950718;950712	4645	42462642645664
高科电子	4007009098;0755296199997806;076023137129	4539	42653342694
索弗集团	4008800392;4008800391	7358	78638548826
杰拓	0755	58	543886
林氏木业	075786907654;075786907352	5769	5467446893
onda	01082536547808;01082536547813	6	6632
格兰仕电器	4008300333;4008300888	45737	43526744342674
惠达卫浴	03158191818;03158522541	4399	4843293498
上汽通用五菱	4008612345;4008895050	778995	742647486649664985464
一汽丰田汽车	4008101210;8008308888;4008308888;8008101210	973872	94743364842674243
盈通主板	075588266296;075588265172;075588265180	9892	94648664948226
婷美内衣	4006909909;01063330777	8669	846463463494
欧姆龙(中国)有限公司	4008204535;4007709988	665949947	68685664946644869689426466474
斯巴达克	01062123971;075582536170	7235	74223253
夏普电器	4008209608;4008981818	9737	94278342674
新浪	4000960960;4008812813;4006900000	95	9465264
网易	02083568090;02083918160;02083568094	99	926494
铁道部火车票网上订票官网	12306;95105105	832427973749	8433262848624374269264742643464742648269264
淘宝网	057188158198;4008608608;057188157858	829	8262269264
腾讯	075586013666;075586060836;4007000808;075583765566;075583762288;075586013860;4001100100;075561369988;075583763333;075561619966	89	8364986
天地华宇物流	02162636666;4008086666	834995	8426344829898548
三洋电器	95105948;95105958;95105968;4006928528;8008907546	7937	7269264342674
联想电脑	4001001000;4001006000;4008188818;4001002000;4001003000	5936	5426942643426626
惠普电脑	8008202255;4008856616;8008192140;8008107518;4006103888	4736	484783426626
飞利浦电器	4006065602;4008800008;4009201201	35737	3345478342674
苹果Apple官网	4006272273;4006668800	7427549	74644862775348269264
戴尔电脑	8008582060;8008580888;8008580950	3336	324373426626
招商银行	4008205555;4006695555;4008895555;4006895555;95555;8008308855	9794	9426742649464264
兴业银行	95561;4008895561	9994	9464939464264
广东发展银行	95508;4008308003	433994	4826436643294269464264
北京出租车	01096103;01096106	25292	234546424898243
上海出租车	02196961;02166822;02162580000	74292	7426442424898243
广州出租车	02086231800;02096900	49292	48264946824898243
深圳出租车	075583938000;075596511	79292	7436943624898243
南京出租车	0253700044;025965188;0258805805	65292	626546424898243
杭州出租车	057128811111;057186943899;057185350000	49292	4264946824898243
海口出租车	089866790678;089866666666	45292	42456824898243
三亚出租车	089838285555;089888899911	79292	7269224898243
厦门出租车	05927162925;05926881151	96292	94263624898243
沈阳出租车	02486222222;02496158	79292	7436926424898243
香港出租车	0085227292292;0085223970922	94292	94264426424898243
澳门出租车	0085328519519;0085328939939	26292	2663624898243
合肥出租车	05514267977;05514422984;05514211888	43292	4333424898243
蚌埠出租车	05526026886;05523061367	22292	23642824898243
南宁出租车	077123012345;07713109999;07715312345	66292	626646424898243
大连出租车	041196826;041184644818	35292	32542624898243
成都出租车	02884347111;028962999	23292	243643824898243
佛山出租车	075782220888;075783366998	37292	36742624898243
镇江出租车	051184412000;051184418555	95292	94365426424898243
扬州出租车	051487624508;043262017694	99292	9264946824898243
宁波出租车	057487921850;057487346346	62292	64642624898243
昆明出租车	08713312533;08715616707	56292	586646424898243
阿里巴巴集团	4006002688;057188158166;4008001688;057186656600;4008261688	252258	2542222548826
艾上乐品女装网	073189816976;4006644980	2757699	247426453746689482649264
深圳领航员数码技术有限公司	4006868608;4000828313	7954976579947	7436943654644264982674862547489689426466474
蓝舰教育	4000020088;4000029390	5559	5265426542698
四川雅安地震	0835	729239	74248269226349436
雅安地震后寻人	02896111	9239497	9226349436468986736
雅安中心血站	08352820669	929999	9226946649469839426
雅安人民医院	08352862106	927699	9226736646949826
成都消防总队	0835119	239393	2436438942632649664384
四川省应急新闻中心	02885008806;02885008807	727959999	74248267436494645494693694664946
四川芦山地震	08352820669;0835119;08352862106;02896111;08352242305	725739	7424826587426349436
北京大学	01062751230;01062751407;01016800169;01062751452;01062751455;01062752114	2539	234546432983
重庆交通大学	02362652333;02362651999	275839	2466474645426866432983
清华大学	01062770334;01062793001;01062782493	7439	746448232983
厦门大学	05922186110;05922188888;05922180000;05922184166	9639	94263632983
河南大学	03782868221;03782868833	4639	4362632983
复旦大学	02165642222;02165643991;02165643333	3339	3832632983
浙江大学	057187591111;057187951006;057187951349	9539	9435426432983
南京大学	02583593141;4001859680	6539	626546432983
韦博英语	4008889090	9299	93426946498
东奥会计在线	01062115588	325599	3664265824549249426
北京新华电脑学校	01051661166	25943699	234546494648234266269839426
海文考研	01062682299	4959	424936526926
天道留学	4006507750	8359	8426326548983
新东方	4006762300	933	94636643264
易第教育	4006172005	9359	9434542698
学大教育	4000624008	9359	98332542698
